layer_0_embed,layer_1_embed,layer_2_embed,layer_3_embed,layer_4_embed,layer_5_embed,layer_6_embed,layer_7_embed,layer_8_embed,layer_9_embed,layer_10_embed,layer_11_embed,layer_12_embed,last_layer_embed,slide_name
"tensor([[-8.5601e-01,  8.4929e-01, -7.7342e-01, -2.2805e-01,  4.3919e-01,
         -1.6978e+00, -4.7806e-01, -3.3242e+00, -2.9144e+00,  6.9381e-01,
          8.1952e-01,  6.5074e-02,  1.9582e+00,  8.9209e-02, -1.5830e-01,
          1.0870e+00, -2.1297e+00, -4.8064e-01, -2.3409e+00,  9.4241e-01,
          1.1971e+00,  1.9097e+00, -5.2053e-01,  7.4722e-01,  9.7207e-02,
         -1.3350e-01, -1.2329e+00,  5.2728e-02,  1.2227e-01,  3.1610e-01,
          7.6187e-01,  4.5351e-01,  3.5093e-01,  1.2259e+00, -2.9797e-01,
         -3.5188e-01, -8.9603e-01,  5.9990e-01,  1.1214e+00,  9.9074e-01,
         -3.0514e-01,  9.6556e-01, -2.4207e+00,  1.9352e-02,  3.3291e-01,
          1.3008e+00, -1.3072e+00,  1.4565e+00,  9.7232e-01, -1.1412e-01,
          3.6818e-01,  4.4674e-02, -1.8884e+00, -9.9953e-01, -5.8172e-01,
         -1.8096e-01, -9.8429e-01, -1.0025e+00, -6.7362e-01, -9.5861e-02,
          3.4303e-01, -4.9897e-02, -8.5357e-01, -9.2167e-01, -4.7723e-01,
          4.7303e-01,  1.6558e-01, -2.3547e+00, -7.7636e-01, -2.2345e-01,
          8.7078e-01, -1.2898e+00, -5.0842e-01, -1.8662e-01, -1.0462e+00,
         -1.4851e+00, -2.1829e+00, -1.0267e+00, -1.4649e+00, -8.5110e-01,
         -1.3297e+00, -1.1921e+00, -2.3535e-01,  1.9626e+00, -7.0279e-01,
         -7.5087e-01,  2.0291e-01, -2.1492e-01, -1.0281e+00, -5.7205e-01,
          3.9506e-01, -3.4258e-01,  1.9011e-01, -3.1588e-01,  7.4924e-01,
          7.0914e-01,  2.9874e-01, -1.3008e+00,  1.9237e-01,  6.2860e-01,
          2.1818e-01,  5.3189e-01, -7.0146e-02,  5.4758e-01,  2.2712e+00,
          2.9470e-01,  1.8066e-01,  1.0026e+00, -7.5052e-02,  1.6364e+00,
          1.7326e+00, -1.1003e-01,  1.4514e-01,  1.5445e+00,  1.8640e+00,
         -1.8585e-01,  1.0919e+00, -1.6113e-01,  5.6629e-01,  8.5387e-01,
         -5.3127e-01,  1.2651e+00, -6.0714e-01,  1.2450e-01,  3.6905e-01,
          2.3474e-01,  4.4967e-02, -1.5301e-01, -3.8134e-02, -1.5887e-01,
         -1.2468e-01,  5.9140e-01, -1.3762e-01,  1.4412e-01,  1.4780e+00,
         -5.6837e-01,  1.9216e+00, -1.5198e+00,  8.9398e-01, -1.2600e-01,
         -7.0797e-01,  2.3496e-01, -1.8583e-01,  1.2311e+00, -1.7217e+00,
          7.9854e-02,  9.3803e-01, -1.9878e-01, -1.4210e-01, -3.6295e-01,
         -1.6356e+00,  8.9723e-01, -5.6663e-01,  1.8160e+00,  1.3047e-01,
         -5.0598e-02, -1.4487e+00,  4.3048e-01, -1.1815e+00,  1.3845e+00,
         -1.3514e+00, -1.2408e+00,  1.0946e+00, -7.2825e-01, -4.9162e-01,
         -9.4803e-02, -3.5810e-01,  7.0924e-01, -1.0797e+00, -1.6032e+00,
          5.7726e-02, -1.4820e-01,  4.5280e-01,  1.1521e+00, -9.7322e-01,
          3.3963e-01, -1.0395e+00,  4.8256e-01, -2.4378e-01,  1.2308e-01,
         -2.4310e-01, -1.3684e-01,  1.4143e+00, -3.9434e-01,  6.6072e-01,
          1.3372e+00,  1.5840e+00,  1.8228e-01, -1.9982e-01,  3.4339e-01,
          1.8991e-01,  6.5339e-01, -4.0727e-01, -8.3579e-01,  7.3523e-01,
          2.3193e+00, -1.9880e-01,  1.6725e+00, -2.1711e-01, -1.6811e+00,
          1.6402e-01,  1.3290e+00,  1.3695e+00, -5.5259e-01, -1.3151e-01,
          7.7706e-01,  1.7743e+00, -9.1365e-01, -2.6554e+00,  5.0789e-01,
          1.4855e+00,  1.6255e+00, -3.7765e-02, -1.0842e+00, -8.9191e-01,
          8.4792e-01, -8.5843e-01,  1.1823e-01, -5.8732e-02, -6.3238e-01,
          3.1051e+00,  7.5903e-01, -2.0089e-01,  3.9823e-01, -6.8153e-01,
         -2.6104e-01,  7.3154e-02,  2.5390e-01, -6.1683e-01,  1.7567e+00,
          1.1686e-01, -3.9019e-01, -4.6970e-01, -6.2509e-01, -7.5934e-01,
          2.3965e+00, -1.2450e+00, -6.3069e-01,  1.0697e+00,  1.2720e-01,
         -6.3962e-01, -3.4745e-01, -7.1306e-01, -2.6193e+00, -7.6522e-01,
          1.6769e-01,  9.2067e-01, -1.0732e+00, -1.0151e+00,  1.2771e+00,
          8.1314e-01, -1.5565e+00, -6.5377e-01,  5.2826e-01, -3.4176e-01,
         -1.5759e+00, -7.2050e-01, -3.5224e-01, -6.1635e-01,  4.0131e-01,
          1.6743e-01,  3.8129e-01,  2.1435e-01,  2.8430e-01, -1.3355e+00,
         -9.4094e-01,  3.9290e-01, -1.4362e+00, -2.2079e-01, -1.9115e+00,
         -1.0585e+00, -9.1950e-01, -7.7755e-01,  6.9300e-03,  1.3387e+00,
         -8.2276e-01,  3.8768e-01, -1.2364e+00, -7.5575e-01, -3.9001e-01,
         -1.5154e+00, -1.7371e+00, -1.5620e+00, -1.3798e+00, -9.1374e-01,
         -1.7056e+00,  2.4923e-01, -1.5584e+00, -2.8667e-01, -1.1705e+00,
          1.2374e+00, -2.2667e+00, -1.1070e+00, -2.6861e+00, -6.1688e-01,
         -1.9917e-01, -2.7069e-01, -9.0866e-02,  7.4112e-01, -8.8918e-01,
          7.4850e-01,  1.2267e-01,  7.3839e-03,  5.3702e-01, -8.9262e-01,
          1.4116e-01, -8.6622e-01,  6.1956e-01, -1.3016e+00, -7.1560e-01,
          5.2550e-01,  6.3486e-01,  2.6492e-01, -6.1008e-01, -2.3828e-02,
         -8.8272e-01,  2.7202e-01,  1.2316e-01,  1.3090e+00, -3.9795e-01,
         -6.0974e-01, -3.9355e-01, -5.0222e-01,  1.5370e+00,  4.8788e-01,
          3.2485e-01,  3.5286e-01,  2.9473e-01,  2.1690e+00, -2.8418e-01,
          2.2251e+00, -2.7561e-02, -1.1611e+00,  5.3198e-01,  1.2627e+00,
          1.7563e-01, -1.9031e+00,  5.4100e-01,  8.6412e-01, -8.2446e-01,
          1.0457e+00, -8.1661e-01,  5.6679e-01,  2.4004e-02, -1.2599e+00,
          9.2685e-01,  1.3837e+00, -3.3879e-01,  1.8301e-01,  7.7080e-01,
         -1.0695e+00, -6.6505e-01,  7.8162e-02,  7.2581e-01,  4.9818e-01,
          5.0032e-01,  1.3247e+00, -2.3994e-01, -5.9912e-01,  4.4296e-01,
          2.0156e+00, -1.0352e+00,  4.6332e-01,  9.7268e-01, -4.3572e-02,
         -5.7062e-01,  1.3172e+00,  8.9978e-01, -4.3884e-01,  7.7541e-01,
          4.2231e-01, -1.6520e-01, -1.8717e-02, -7.0375e-01,  1.1838e+00,
          1.6508e+00, -4.1428e-01, -3.1188e-01, -1.0019e+00,  1.4108e-02,
         -7.3159e-01,  2.3581e-01, -4.4162e-01,  2.5684e+00, -7.5610e-01,
         -8.3659e-01,  2.2442e-01, -1.4657e+00,  3.3302e-01, -2.5593e+00,
          7.9083e-01,  4.2971e-01,  1.0312e+00,  1.2864e+00, -3.6645e-01,
          1.5772e+00,  1.2703e+00,  1.3132e-01,  5.9075e-01,  1.8452e+00,
         -5.6041e-02, -1.8737e+00, -1.5251e+00, -9.4358e-01,  2.8964e-01,
          1.3572e+00,  1.6315e+00, -4.0012e-01, -1.8319e-01, -4.2922e-01,
          2.1508e+00,  1.2276e+00,  1.2790e+00,  6.0757e-01,  2.6781e+00,
         -2.0820e+00, -9.4400e-01,  8.4235e-01,  5.9309e-01, -1.3044e+00,
          5.4169e-02,  2.0732e-01, -1.7095e+00,  2.0065e+00, -5.2829e-01,
          1.2082e+00, -5.3319e-02, -9.5113e-01,  2.0025e-01, -6.6477e-01,
         -3.4208e-01, -7.2023e-01, -2.3423e-01, -1.7027e+00,  2.4028e-01,
         -5.8174e-01,  6.4742e-01,  1.0706e+00, -4.3598e-01, -1.6583e-02,
         -2.9091e-01, -1.6567e+00, -1.1963e+00,  8.5034e-01, -4.4453e-01,
          2.2707e+00,  8.7156e-01, -1.0827e+00,  6.3595e-01, -3.0029e-02,
         -1.9199e+00,  5.6634e-01, -7.8045e-01, -5.6874e-01, -3.7907e-01,
          6.7760e-01,  7.2212e-01, -1.0250e-01, -1.4556e+00, -6.0612e-01,
         -2.3651e+00, -1.3970e+00,  2.1659e+00,  5.8478e-02, -6.7937e-01,
         -8.3707e-01,  1.0686e+00, -5.9513e-01, -1.7236e+00, -9.8863e-01,
         -2.2322e+00,  5.6327e-01,  9.0049e-01, -8.9744e-02, -6.3554e-01,
         -5.7982e-01,  3.6532e-01,  1.1743e-01,  3.0643e-01, -3.6419e-01,
          9.4384e-01,  6.0944e-01,  2.4807e-01, -1.1040e+00,  1.2645e+00,
          1.0664e+00,  3.5029e-01, -7.6468e-01,  2.0584e+00,  1.0548e+00,
          4.9018e-01, -1.6500e-01, -3.8701e-01,  2.1846e-01,  1.6562e+00,
          1.0409e+00,  1.0732e+00,  1.5846e+00,  1.0961e+00,  8.9747e-01,
         -3.1861e-01,  9.4396e-01,  1.1914e+00, -6.1010e-01,  9.2812e-01,
          6.4496e-01, -1.9599e-01,  5.0730e-01,  6.8839e-01, -1.2137e+00,
          1.4946e-01,  9.1228e-01,  9.2115e-01,  7.2264e-01, -6.0300e-01,
          4.1772e-01, -8.8543e-01, -3.8636e-01,  5.5314e-01,  4.8504e-01,
          7.4931e-01, -3.0550e-01,  4.5109e-01,  1.8167e+00,  3.6570e-01,
          3.1112e+00,  2.2102e-01,  5.3380e-01,  6.6161e-02,  9.5661e-02,
          1.4526e-01,  7.1563e-01, -9.3027e-01, -1.1725e+00, -6.3667e-01,
          4.9382e-01,  5.9793e-01,  6.3665e-03,  1.4756e+00,  1.2676e+00,
         -1.0901e+00, -6.3631e-01, -8.3575e-01, -5.2749e-01,  4.7609e-01,
          2.2760e-01, -6.5510e-01,  9.0794e-02,  1.0534e-01,  1.8246e-01,
         -8.9688e-01,  1.5593e-01,  1.4486e+00,  1.4776e+00, -1.4252e+00,
          8.4808e-01,  1.8884e-01,  6.6585e-02, -1.9630e-01,  2.7044e-01,
         -7.3562e-01, -4.9725e-01,  1.2980e+00, -2.2395e-01,  3.1766e-01,
          5.6073e-01, -7.6857e-01, -3.3232e-01,  4.8237e-01,  1.7962e-01,
         -5.8812e-01, -8.8799e-01, -1.3116e+00,  4.4223e-01,  5.6142e-01,
          7.8444e-01, -5.3077e-01, -5.5280e-02,  1.9276e+00, -2.9210e-01,
          2.2869e+00,  1.7880e+00,  8.2211e-01, -1.0395e+00,  6.2377e-01,
         -2.4602e+00,  1.4454e+00,  1.7519e+00,  2.8153e-01,  1.6991e+00,
         -1.6246e+00, -3.0346e-01,  3.5134e-01, -2.4724e+00, -1.5042e-01,
          2.0458e+00,  1.8617e+00,  3.6839e+00,  2.0479e-02, -1.4346e-02,
         -1.9080e+00,  6.1300e-02, -3.1546e-01,  1.1209e+00,  1.8914e-01,
          1.3536e-01,  5.1854e-01, -2.9048e+00, -9.3712e-01,  1.4961e+00,
         -2.1479e+00,  3.7530e-01,  1.0012e+00,  3.4030e-01,  5.6824e-01,
         -2.1990e+00,  1.3039e+00, -1.1249e+00, -1.6335e+00, -5.6424e-01,
          6.0211e-01, -2.0815e+00,  4.3751e-01,  3.1161e-01, -2.1919e-02,
          1.7324e+00, -1.0713e+00, -1.1513e-01,  9.1773e-01,  1.7758e-01,
         -6.7131e-01, -8.3734e-02, -2.1698e-01, -4.6335e-01,  1.1178e+00,
          1.1647e+00,  2.1154e-01,  2.7288e-01, -1.9551e+00, -7.1285e-02,
         -1.4428e+00, -6.4075e-01, -6.5594e-01,  1.1686e-01,  7.6204e-01,
         -8.4141e-01, -1.2138e+00, -6.9447e-01, -1.3126e+00, -8.3090e-01,
         -4.8128e-01,  1.1450e+00,  1.7788e-03, -6.4956e-01, -1.4637e+00,
         -3.7619e-01, -5.9144e-01, -4.7909e-01,  5.0301e-01, -2.7326e-01,
          9.7507e-01, -2.1720e-01, -6.6958e-01, -8.0970e-01, -1.3396e-01,
          4.1657e-04, -1.1805e+00, -8.3959e-01,  8.4659e-01, -6.0697e-01,
         -5.4226e-01, -6.5952e-01, -1.2448e+00, -7.2865e-01,  6.3640e-01,
          2.7599e-01, -9.7181e-01,  2.2502e-01, -2.3495e-02, -7.3971e-01,
         -2.5484e-02,  7.5751e-01, -1.1693e+00, -9.6486e-01,  1.0803e-01,
          1.9659e-01, -1.7792e+00, -7.2362e-01, -1.1754e+00,  9.7303e-01,
          5.3247e-01, -5.3650e-01,  6.5227e-01, -7.9113e-01, -3.0497e-01,
          4.9294e-01,  3.8863e-01, -7.7903e-02,  1.2183e-01, -2.0190e-01,
          3.0340e-01, -9.7143e-02, -3.2496e-01, -1.8633e-01, -1.1632e+00,
         -6.4978e-01, -3.2457e-01, -4.5174e-01, -1.5881e-01,  4.2805e-01,
         -6.2142e-02,  1.1208e+00, -3.5083e-02, -2.0419e-02, -2.9001e-01,
          1.3640e-01,  5.9660e-02, -4.1276e-01, -9.8198e-01,  2.3789e-01,
          9.2426e-01,  1.4710e+00,  1.4489e+00, -6.3815e-01, -1.0291e+00,
          3.2629e-01,  7.4044e-02,  1.7744e+00,  2.5560e-01,  1.8576e-02,
          1.7624e-01,  1.8679e+00, -4.4430e-01,  1.1253e+00,  8.8975e-01,
         -2.5774e-01,  7.9496e-01,  1.8466e-01,  1.0499e+00,  1.2691e+00,
          1.9933e-01, -1.6033e+00,  1.5049e-01,  2.4462e-02, -1.7616e-01,
          2.3884e-01,  1.1541e+00,  8.9352e-01, -3.1009e-01,  1.1442e+00,
          7.1873e-01,  1.3243e+00,  1.9239e-01, -7.0650e-02, -6.2727e-01,
          1.2499e-01, -1.4706e+00,  4.6857e-02,  7.5728e-01,  1.3112e+00,
          9.4239e-01,  1.5404e+00, -5.2050e-02,  2.3492e-01, -1.2555e+00,
          6.7107e-01, -3.4766e-01,  8.3262e-01]])","tensor([[-8.0704e-01,  7.5904e-01, -9.8223e-01,  1.5813e-02,  4.6863e-01,
         -1.6396e+00, -4.3057e-01, -3.3731e+00, -2.4730e+00,  8.0470e-01,
          5.8877e-01,  1.5562e-01,  2.3839e+00,  8.9705e-02,  5.7235e-02,
          5.1992e-01, -1.8431e+00, -6.3618e-01, -2.1026e+00,  9.0901e-01,
          9.3046e-01,  2.0138e+00, -4.5577e-01,  7.6311e-01,  6.8069e-02,
         -3.5482e-01, -1.1913e+00,  2.0389e-01, -1.6746e-02,  8.1572e-02,
          5.5590e-01,  5.4157e-01,  3.2145e-01,  1.3783e+00, -5.7132e-01,
         -3.7496e-01, -1.5940e+00,  7.4330e-01,  1.5809e+00,  8.2122e-01,
         -4.6024e-02,  1.0071e+00, -2.5745e+00,  2.1328e-01,  4.0748e-01,
          1.3509e+00, -1.3822e+00,  1.7500e+00,  1.0007e+00, -7.7292e-02,
          2.7833e-01,  1.1086e-01, -1.6946e+00, -7.6619e-01, -7.0529e-01,
         -5.6269e-01, -9.7833e-01, -8.4090e-01, -3.9032e-01,  2.5378e-01,
          6.0016e-01, -1.2597e-01, -5.8333e-01, -6.6507e-01, -2.8639e-01,
          5.6375e-01,  1.6063e-01, -2.1816e+00, -3.8672e-01, -3.0274e-01,
          6.8120e-01, -1.1882e+00, -4.2869e-01, -1.0931e-01, -1.3567e+00,
         -1.9286e+00, -2.3434e+00, -1.0646e+00, -1.4433e+00, -9.7010e-01,
         -1.1406e+00, -1.2689e+00, -2.8245e-01,  2.0281e+00, -7.4074e-01,
         -8.2582e-01,  2.3964e-01, -3.4604e-01, -1.2293e+00, -1.0778e+00,
          2.9957e-01, -4.4523e-01,  5.5509e-02, -6.8344e-01,  4.9465e-01,
          6.9909e-01,  2.4191e-01, -1.5175e+00,  3.8796e-01,  3.5115e-01,
         -1.3490e+00,  8.4376e-01, -1.2598e-01,  6.9945e-01,  2.2788e+00,
          1.1208e-01,  1.6249e-01,  9.8775e-01, -1.1440e-01,  1.6285e+00,
          1.5907e+00, -2.1897e-01,  1.1665e-01,  9.6630e-01,  1.5457e+00,
         -3.6160e-01,  1.1421e+00, -1.1752e-01,  5.3022e-01,  8.4854e-01,
         -5.5150e-01,  1.0511e+00, -9.8181e-01,  2.2848e-01,  2.9329e-01,
          1.9466e-01, -6.7358e-02, -6.3602e-01, -2.2380e-01, -1.5851e-01,
         -1.5112e-01,  3.4402e-01, -2.8856e-01,  1.8859e-01,  1.3502e+00,
         -8.0639e-01,  1.9916e+00, -1.7013e+00,  7.1717e-01, -9.1682e-02,
         -7.9032e-01,  3.1208e-01, -1.8056e-01,  1.2010e+00, -2.1954e+00,
         -3.0369e-01,  6.5973e-01, -1.3404e-01, -2.2667e-02, -4.9081e-01,
         -1.4611e+00,  9.8507e-01, -6.7008e-01,  1.6387e+00,  3.0710e-02,
         -1.7455e-02, -1.2447e+00,  3.2475e-01, -1.2033e+00,  1.3846e+00,
         -1.4521e+00, -1.1780e+00,  1.1368e+00, -7.2270e-01, -5.0132e-01,
         -1.6869e-01, -4.5212e-01,  7.7915e-01, -1.2628e+00, -1.3939e+00,
          1.1434e-01,  6.0753e-02,  3.0891e-01,  6.8087e-01, -1.0166e+00,
          4.6426e-01, -1.3325e+00,  2.7336e-01, -4.9821e-01,  1.5186e-01,
         -2.0134e-01, -1.2228e-01,  1.2125e+00, -3.7576e-01,  6.1050e-01,
          1.2310e+00,  1.7456e+00,  4.7779e-01, -2.8375e-01,  3.9657e-02,
          1.7331e-01,  6.1210e-01, -4.1463e-01, -6.0967e-01,  4.6042e-01,
          2.1096e+00, -1.2534e-01,  2.7640e+00, -2.8450e-01, -1.7022e+00,
          3.4705e-01,  1.0751e+00,  1.1643e+00, -9.9762e-01, -4.2300e-01,
          8.6950e-01,  1.9708e+00, -9.9448e-01, -2.2848e+00,  3.9920e-01,
          1.3633e+00,  1.5318e+00,  9.4207e-02, -1.1810e+00, -8.2908e-01,
          9.3650e-01, -7.2414e-01,  9.9909e-02, -2.1692e-01, -9.7056e-01,
          3.0329e+00,  8.4143e-01, -3.4797e-01,  7.8660e-01, -7.7675e-01,
         -5.6456e-01, -1.9668e-01,  1.4970e-01, -7.0339e-01,  1.8893e+00,
          1.4555e-01, -3.5562e-01, -4.0439e-01, -9.0549e-01, -7.9797e-01,
          2.4498e+00, -1.4727e+00, -7.8237e-01,  1.1120e+00,  1.5222e-01,
         -6.0417e-01, -7.9884e-01, -5.4347e-01, -2.5610e+00, -9.4560e-01,
          6.3630e-01,  7.0040e-01, -1.0426e+00, -1.2253e+00,  1.4470e+00,
          7.6100e-01, -1.9572e+00, -6.5438e-01,  2.4804e-01, -2.8471e-01,
         -1.3433e+00, -2.5892e-01, -2.5920e-01, -3.8858e-01,  5.6247e-01,
          4.8350e-02,  5.8956e-01,  5.1568e-01,  6.0650e-01, -9.5103e-01,
         -7.8298e-01,  4.3176e-01, -1.1460e+00, -1.4136e-01, -1.4336e+00,
         -5.8799e-01, -7.6197e-01, -3.8887e-01,  1.9673e-01,  1.6779e+00,
         -4.9786e-01,  3.8466e-01, -1.1717e+00, -5.2934e-01, -6.9894e-02,
         -1.2698e+00, -1.6394e+00, -1.5735e+00, -1.4029e+00, -9.9553e-01,
         -1.5048e+00,  1.2314e-01, -1.3495e+00,  1.1126e-01, -1.0282e+00,
          1.3943e+00, -2.1372e+00, -1.0433e+00, -2.4851e+00, -5.2916e-01,
          1.2580e-01, -1.7549e-01, -2.1042e-01,  1.0597e+00, -5.5464e-01,
          5.6605e-01,  9.9261e-02,  4.5606e-01,  6.2740e-01, -8.5245e-01,
          4.0078e-01, -6.6765e-01,  7.9237e-01, -1.5593e+00, -6.7559e-01,
          5.5967e-01,  4.3505e-01,  1.9443e-01, -5.4747e-01,  2.1718e-01,
         -8.4979e-01,  9.8992e-02,  2.3178e-01,  1.1415e+00, -5.7797e-01,
         -5.9837e-01, -4.6188e-01, -7.4791e-01,  1.5599e+00,  5.0260e-01,
          3.4645e-01,  5.7674e-01,  3.8620e-01,  2.1183e+00, -1.7217e-01,
          2.4558e+00, -2.6362e-01, -1.4213e+00,  5.0769e-01,  1.2794e+00,
          1.3430e-01, -1.9093e+00,  6.3361e-01,  6.6352e-01, -7.7759e-01,
          9.4278e-01, -5.9334e-01,  4.5673e-01, -4.4567e-02, -8.4114e-01,
          1.0964e+00,  1.3798e+00, -3.0078e-01,  1.9147e-01,  6.8926e-01,
         -8.4275e-01, -6.1541e-01, -1.1594e-01,  7.9516e-01,  3.5796e-01,
          7.2972e-01,  1.2588e+00, -1.7111e-01, -7.8780e-01,  4.9267e-01,
          2.1411e+00, -1.1047e+00,  2.3975e-01,  8.8256e-01,  3.8720e-03,
         -7.3216e-01,  1.2182e+00,  1.0224e+00, -3.4464e-01,  7.2719e-01,
          8.2934e-02, -1.2567e-01,  1.3519e-01, -4.9739e-01,  1.3856e+00,
          1.5105e+00, -3.1923e-01, -5.1883e-01, -9.9957e-01, -1.5221e-01,
         -8.0758e-01,  5.3355e-01, -1.0429e-01,  2.6060e+00, -5.7552e-01,
         -8.8785e-01,  2.5480e-01, -1.3092e+00,  2.5634e-01, -2.1273e+00,
          7.8456e-01,  5.7047e-01,  1.0312e+00,  1.2273e+00, -4.9156e-01,
          1.8963e+00,  1.4357e+00, -2.0236e-01,  4.8948e-01,  1.5864e+00,
         -1.8654e-01, -1.8067e+00, -1.4562e+00, -1.1664e+00,  1.4302e-01,
          1.2705e+00,  1.4433e+00, -6.9138e-01, -3.0650e-01, -7.5991e-01,
          2.0627e+00,  1.2966e+00,  1.0843e+00,  3.4858e-01,  2.4204e+00,
         -2.3270e+00, -9.8440e-01,  8.4510e-01,  3.0513e-01, -1.5084e+00,
          4.9104e-01, -2.7103e-02, -1.7829e+00,  2.3885e+00, -1.1629e-01,
          1.2708e+00, -3.1560e-02, -1.0512e+00, -1.1905e-02, -4.9244e-01,
         -1.6841e-01, -7.7063e-01, -4.8681e-01, -1.7122e+00,  7.1664e-02,
         -2.2657e-01,  6.5503e-01,  8.9408e-01, -5.2765e-01, -1.0646e-01,
         -2.3238e-01, -1.8520e+00, -1.3577e+00,  7.7426e-01, -6.8305e-01,
          2.3856e+00,  8.7488e-01, -9.8064e-01,  3.6834e-01,  7.7672e-02,
         -1.8747e+00,  6.7601e-01, -7.3465e-01, -4.2799e-01, -6.6873e-01,
          4.8942e-01,  6.3031e-01, -3.0653e-02, -1.5065e+00, -5.0312e-01,
         -2.7070e+00, -1.2804e+00,  2.4872e+00, -6.7568e-02, -8.0947e-01,
         -8.9752e-01,  1.2408e+00, -5.4101e-01, -1.6605e+00, -9.3121e-01,
         -1.8784e+00,  5.7384e-01,  1.3338e+00, -5.0808e-02, -6.7753e-01,
         -5.0424e-01,  3.2205e-01,  4.8237e-02, -8.7778e-03, -5.4300e-01,
          7.3360e-01,  3.2402e-01,  2.4881e-01, -1.3230e+00,  9.1071e-01,
          1.1366e+00,  3.7088e-01, -7.2355e-01,  1.7250e+00,  1.2056e+00,
          6.5742e-01, -2.3997e-01, -5.0263e-01,  1.0726e-01,  1.4890e+00,
          9.6381e-01,  8.2566e-01,  1.4357e+00,  1.1286e+00,  6.3547e-01,
         -5.3697e-01,  1.0339e+00,  1.1504e+00, -6.0494e-01,  8.7549e-01,
          6.8212e-01, -5.4225e-02,  3.2459e-01,  5.0077e-01, -1.3614e+00,
          1.4651e-01,  7.6254e-01,  8.2812e-01,  7.7680e-01, -8.6261e-01,
          4.6073e-01, -8.1919e-01, -4.6423e-01,  5.9036e-01,  4.4524e-01,
          4.9991e-01, -2.5115e-01,  3.1509e-01,  1.7734e+00,  3.5804e-01,
          3.0908e+00, -9.2593e-02,  6.2915e-01,  1.5813e-01, -1.1015e-01,
         -2.0094e-02,  4.0610e-01, -9.5307e-01, -1.0146e+00, -6.3682e-01,
          6.0232e-01,  3.9830e-01, -1.5905e-01,  1.1939e+00,  1.2092e+00,
         -9.6180e-01, -6.7712e-01, -9.9400e-01, -6.5563e-01,  4.6447e-01,
          3.9255e-01, -6.8814e-01, -5.5871e-02,  1.5373e-01,  1.9632e-01,
         -7.9383e-01,  4.4334e-02,  1.4486e+00,  1.5412e+00, -1.5519e+00,
          5.4480e-01,  5.2086e-01, -4.2519e-02, -1.9413e-01,  7.6987e-02,
         -8.4639e-01, -4.8754e-01,  1.1019e+00, -3.7894e-01,  1.8457e-01,
          6.1345e-01, -9.1516e-01, -8.5139e-02,  2.8566e-01,  1.5618e-01,
         -9.2904e-01, -9.7383e-01, -1.5100e+00,  5.6877e-01,  6.8168e-01,
          9.3503e-01, -4.8091e-01,  1.3613e-01,  2.0136e+00, -4.1549e-02,
          2.0766e+00,  1.6304e+00,  6.6563e-01, -9.2908e-01,  7.3936e-01,
         -2.4544e+00,  1.4042e+00,  1.8579e+00, -1.1233e-01,  1.6670e+00,
         -1.3203e+00, -5.0972e-01,  7.1597e-01, -2.4733e+00, -4.0133e-01,
          1.8312e+00,  1.7653e+00,  3.8146e+00,  1.5688e-02, -2.5343e-03,
         -1.9787e+00,  2.7167e-01, -5.0984e-01,  1.0734e+00,  1.2133e-01,
         -5.0816e-02,  7.2623e-01, -3.0232e+00, -1.1330e+00,  1.8431e+00,
         -2.0769e+00,  4.7183e-01,  8.1996e-01,  2.2095e-01,  9.1128e-01,
         -2.7437e+00,  1.3467e+00, -1.1611e+00, -1.4341e+00, -3.6417e-01,
          1.8555e-01, -2.1672e+00,  1.7556e-01,  2.0911e-01,  4.0613e-02,
          1.8228e+00, -1.4922e+00,  5.7536e-03,  8.4807e-01,  1.6015e-01,
         -3.5713e-01,  1.1083e-02, -4.1676e-01, -4.6923e-01,  9.8838e-01,
          9.5978e-01,  4.5241e-01,  3.3670e-01, -1.7262e+00,  8.8543e-02,
         -1.4919e+00, -5.4151e-01, -5.4282e-01, -7.1422e-02,  4.9722e-01,
         -7.6546e-01, -1.0181e+00, -7.5560e-01, -1.3582e+00, -4.7599e-01,
         -3.4624e-01,  1.1633e+00,  3.1926e-01, -8.5670e-01, -1.2631e+00,
         -1.8796e-01, -2.0444e-01, -6.8612e-01,  4.2061e-01, -8.4997e-02,
          1.2004e+00,  4.2319e-02, -5.1932e-01, -2.2883e-01, -1.5289e-01,
          1.1205e-01, -1.3872e+00, -6.1848e-01,  6.1735e-01, -5.4185e-01,
         -2.7574e-01, -3.9365e-01, -1.3441e+00, -3.4544e-01,  7.1969e-01,
          2.5737e-01, -6.4340e-01,  4.2328e-01,  9.1319e-02, -3.7327e-01,
          2.5626e-01,  8.3557e-01, -8.9529e-01, -7.7797e-01,  1.7220e-01,
          2.4283e-01, -1.5450e+00, -4.6003e-01, -6.5007e-01,  1.1183e+00,
          6.2569e-01, -5.5883e-01,  6.6170e-01, -7.5366e-01, -3.6093e-01,
          3.1455e-01,  6.3357e-01,  2.0586e-01,  1.2121e-01, -1.7776e-01,
          4.2279e-01, -3.4377e-02, -4.4035e-01,  6.0318e-02, -1.1048e+00,
         -6.4918e-01, -4.5558e-01, -2.9843e-01, -2.0920e-01,  2.6330e-01,
         -3.1024e-01,  1.2061e+00,  2.3636e-01,  1.3646e-01, -6.9403e-01,
          1.8556e-01,  1.4738e-01, -6.8196e-01, -9.9563e-01,  5.4477e-01,
          1.0981e+00,  1.4707e+00,  1.5892e+00, -2.7980e-01, -1.0292e+00,
          6.1779e-01,  2.2793e-01,  1.7015e+00,  2.1647e-01, -4.8693e-02,
          1.4451e-01,  1.8534e+00, -5.1784e-01,  1.2590e+00,  7.6500e-01,
         -3.6261e-01,  7.2633e-01,  2.0865e-01,  1.1071e+00,  1.3138e+00,
          4.2257e-01, -1.2377e+00,  2.6667e-01, -5.7125e-02, -1.3782e-01,
          1.9589e-01,  1.1602e+00,  7.3838e-01, -5.5091e-02,  1.1341e+00,
          7.6444e-01,  1.5279e+00,  5.5743e-01, -3.2702e-03, -3.6036e-01,
          2.7552e-01, -1.3519e+00, -1.7112e-01,  8.9409e-01,  1.0362e+00,
          7.5509e-01,  1.7503e+00, -1.9326e-01,  1.4910e-01, -1.0715e+00,
          8.2114e-01, -3.8662e-01,  7.6809e-01]])","tensor([[-7.8427e-01,  7.2614e-01, -1.0475e+00,  3.5387e-03,  6.5127e-01,
         -1.4023e+00, -3.7856e-01, -3.2928e+00, -2.3423e+00,  8.6951e-01,
          6.3574e-01,  3.6478e-01,  2.3668e+00,  1.8266e-01,  7.7845e-02,
          2.4969e-01, -1.7350e+00, -8.4085e-01, -1.9664e+00,  1.0548e+00,
          8.4503e-01,  2.1011e+00, -3.4329e-01,  6.7479e-01,  2.1189e-01,
         -3.4442e-01, -1.0772e+00,  2.5089e-01,  1.1858e-02,  3.0540e-02,
          4.1792e-01,  5.9431e-01,  2.9484e-01,  1.3984e+00, -7.7387e-01,
         -3.5315e-01, -1.8169e+00,  9.0882e-01,  1.8092e+00,  8.3664e-01,
         -1.0053e-01,  1.3295e+00, -2.4433e+00,  2.4419e-01,  2.7451e-01,
          1.4835e+00, -1.3350e+00,  1.7917e+00,  9.6819e-01, -2.6602e-01,
          1.8216e-01, -2.6079e-02, -1.5055e+00, -5.6160e-01, -6.5969e-01,
         -8.8856e-01, -8.9684e-01, -7.3833e-01, -4.5005e-01,  2.2894e-01,
          8.5690e-01, -1.0991e-01, -5.6456e-01, -6.6389e-01, -2.1385e-01,
          5.4380e-01, -2.7687e-01, -2.1985e+00, -1.7549e-01, -2.5153e-01,
          5.3266e-01, -1.1138e+00, -3.3764e-01, -4.9633e-02, -1.3291e+00,
         -2.1527e+00, -2.2144e+00, -9.7994e-01, -1.2760e+00, -1.0138e+00,
         -1.0068e+00, -1.1069e+00, -2.5758e-01,  2.2357e+00, -8.2575e-01,
         -7.7989e-01,  4.0263e-01, -2.5611e-01, -1.3284e+00, -1.2999e+00,
          1.0513e-01, -3.8939e-01, -1.0184e-01, -9.0361e-01,  3.3058e-01,
          6.3543e-01,  3.3868e-01, -1.6037e+00,  3.6037e-01,  3.0633e-01,
         -2.9179e+00,  1.0710e+00, -2.4731e-02,  6.5134e-01,  2.2647e+00,
          2.0808e-01,  3.2960e-01,  1.0576e+00, -3.0308e-02,  1.4945e+00,
          1.3897e+00, -6.2981e-02,  1.9532e-01,  6.2749e-01,  1.3927e+00,
         -4.1499e-01,  1.0846e+00, -6.7992e-02,  5.6732e-01,  7.3422e-01,
         -4.8814e-01,  1.0136e+00, -1.0155e+00,  1.4849e-01,  3.4780e-01,
          1.1475e-01, -2.3274e-01, -8.5379e-01, -2.9634e-01, -1.9332e-01,
         -2.2682e-01,  2.9493e-01, -4.2800e-01,  3.0148e-01,  1.1663e+00,
         -8.6856e-01,  1.9261e+00, -1.7158e+00,  7.1854e-01, -1.3883e-01,
         -7.9274e-01,  3.5864e-01, -3.1941e-03,  1.0078e+00, -2.2234e+00,
         -5.4298e-01,  6.3215e-01, -6.3013e-02, -6.1808e-02, -5.1048e-01,
         -1.3763e+00,  1.0669e+00, -6.1865e-01,  1.5348e+00, -1.1230e-01,
         -3.6150e-02, -1.0623e+00,  3.8372e-01, -1.1090e+00,  1.2892e+00,
         -1.4217e+00, -1.1513e+00,  8.8729e-01, -7.8143e-01, -4.2809e-01,
         -2.5792e-01, -5.4600e-01,  7.6184e-01, -1.2632e+00, -1.2842e+00,
         -1.1545e-01,  6.2019e-02,  2.2238e-01,  3.7125e-01, -9.5870e-01,
          6.4220e-01, -1.4307e+00,  1.1417e-01, -4.3156e-01,  3.3051e-01,
         -1.1603e-01, -1.6829e-01,  1.0712e+00, -2.7335e-01,  6.3341e-01,
          1.2628e+00,  1.9683e+00,  5.1918e-01, -1.7013e-01, -4.7236e-02,
          1.2554e-01,  4.7531e-01, -3.7915e-01, -4.4368e-01,  2.9946e-01,
          2.1662e+00, -6.8426e-03,  4.1819e+00, -3.0152e-01, -1.6209e+00,
          2.5750e-01,  9.8871e-01,  1.0243e+00, -1.2417e+00, -6.0469e-01,
          8.5367e-01,  2.0455e+00, -1.0473e+00, -1.9860e+00,  5.2356e-01,
          1.2453e+00,  1.4083e+00,  1.5922e-01, -1.2893e+00, -8.7049e-01,
          9.4801e-01, -7.1603e-01,  1.9203e-01, -3.7185e-02, -9.5373e-01,
          2.8587e+00,  8.2597e-01, -5.6516e-01,  9.0296e-01, -6.2643e-01,
         -5.3968e-01, -3.6406e-01,  1.6950e-01, -7.5574e-01,  1.9503e+00,
          1.7672e-01, -3.3068e-01, -1.2818e-01, -1.0665e+00, -6.5125e-01,
          2.3050e+00, -1.4119e+00, -6.7031e-01,  1.0716e+00,  2.2111e-01,
         -5.9825e-01, -8.4105e-01, -4.0920e-01, -2.2911e+00, -1.1311e+00,
          8.8174e-01,  5.3463e-01, -1.0440e+00, -1.3338e+00,  1.6220e+00,
          6.5514e-01, -1.9714e+00, -6.7829e-01,  1.3221e-01, -3.5137e-01,
         -1.2397e+00, -2.3311e-01, -3.4211e-01, -2.9480e-01,  5.2898e-01,
          5.8875e-02,  6.3858e-01,  4.7023e-01,  5.1250e-01, -7.8783e-01,
         -6.7289e-01,  3.6775e-01, -9.6989e-01, -1.5434e-01, -1.2336e+00,
         -4.5194e-01, -5.6216e-01, -6.7395e-02,  4.2876e-01,  1.7103e+00,
         -2.7403e-01,  3.8091e-01, -1.1020e+00, -3.4749e-01,  1.3724e-01,
         -1.0345e+00, -1.5229e+00, -1.5745e+00, -1.3420e+00, -1.2012e+00,
         -1.3268e+00,  2.7450e-03, -9.9000e-01,  3.8922e-01, -7.0564e-01,
          1.4205e+00, -2.0151e+00, -1.0147e+00, -2.4991e+00, -7.1719e-01,
          2.7407e-01, -2.4528e-01, -9.4962e-02,  1.0644e+00, -5.6275e-01,
          5.5347e-01,  1.4480e-01,  6.5086e-01,  7.7264e-01, -8.4027e-01,
          4.4000e-01, -6.0436e-01,  9.5509e-01, -1.7490e+00, -5.0306e-01,
          5.8990e-01,  1.1360e-01,  4.2486e-01, -4.4242e-01,  9.2895e-02,
         -1.0177e+00,  5.9887e-02,  3.8658e-01,  1.0976e+00, -6.9042e-01,
         -5.8502e-01, -5.4537e-01, -6.9564e-01,  1.1688e+00,  3.4143e-01,
          3.2241e-01,  4.9048e-01,  4.5654e-01,  2.1673e+00, -2.4258e-01,
          2.4956e+00, -3.5006e-01, -1.5008e+00,  5.3759e-01,  1.2223e+00,
          1.0053e-02, -1.8476e+00,  6.5324e-01,  5.9677e-01, -7.2839e-01,
          8.1620e-01, -6.7116e-01,  5.3097e-01, -2.2010e-01, -5.3292e-01,
          1.2878e+00,  1.3032e+00, -2.8792e-01,  8.7847e-02,  5.8154e-01,
         -6.8497e-01, -6.6552e-01, -2.9795e-01,  8.8081e-01,  3.6173e-01,
          1.0040e+00,  1.1426e+00, -3.2697e-01, -9.5446e-01,  3.9731e-01,
          1.9645e+00, -1.0018e+00,  1.1302e-01,  8.2664e-01,  3.4049e-02,
         -5.9673e-01,  9.4700e-01,  1.0162e+00, -2.9352e-01,  7.6743e-01,
         -2.5417e-01, -1.8371e-01,  1.8806e-01, -4.9716e-01,  1.4322e+00,
          1.5789e+00, -1.5725e-01, -5.8495e-01, -1.0174e+00, -2.9578e-01,
         -8.8045e-01,  6.4401e-01,  2.0242e-01,  2.5979e+00, -3.4709e-01,
         -7.8222e-01,  2.4732e-01, -1.0371e+00,  6.9071e-02, -1.9682e+00,
          6.1843e-01,  6.5057e-01,  1.1981e+00,  1.2054e+00, -7.7383e-01,
          1.9541e+00,  1.2324e+00, -3.7524e-01,  4.9206e-01,  9.9672e-01,
         -1.2433e-01, -1.8512e+00, -1.3158e+00, -1.1093e+00,  1.7455e-01,
          1.3143e+00,  1.2742e+00, -7.1516e-01, -3.0646e-01, -8.1687e-01,
          2.0781e+00,  1.3903e+00,  1.0723e+00,  2.4155e-01,  2.2595e+00,
         -2.5095e+00, -7.5108e-01,  6.6980e-01,  1.2305e-01, -1.5560e+00,
          6.6503e-01, -2.6165e-01, -1.6484e+00,  2.5100e+00,  2.3021e-02,
          1.3437e+00, -3.2544e-02, -1.0098e+00, -1.8793e-01, -2.5960e-01,
         -2.9933e-02, -7.7471e-01, -5.4314e-01, -1.8411e+00,  2.1882e-01,
         -2.3631e-01,  6.9660e-01,  6.0609e-01, -6.2076e-01, -1.4364e-01,
         -4.8892e-01, -1.7935e+00, -1.4046e+00,  7.0602e-01, -7.1158e-01,
          2.4824e+00,  9.5143e-01, -7.8427e-01,  2.4490e-01,  2.3096e-01,
         -1.9637e+00,  6.3638e-01, -7.2551e-01, -4.3234e-01, -7.2374e-01,
          5.3683e-01,  6.7657e-01, -2.2810e-01, -1.4300e+00, -5.8149e-01,
         -2.9465e+00, -1.0922e+00,  2.7516e+00, -4.7365e-01, -6.7179e-01,
         -8.8364e-01,  1.2678e+00, -3.9853e-01, -1.5003e+00, -8.2048e-01,
         -1.8679e+00,  5.4217e-01,  1.4292e+00, -1.5211e-01, -6.4202e-01,
         -5.0959e-01,  2.7349e-01, -2.3121e-03, -1.1003e-01, -5.5487e-01,
          6.0662e-01,  1.6484e-01,  2.3670e-01, -1.3369e+00,  7.5477e-01,
          1.1511e+00,  4.5604e-01, -7.0112e-01,  1.6564e+00,  1.2499e+00,
          7.1573e-01, -5.3816e-02, -5.8693e-01,  6.3955e-02,  1.5426e+00,
          9.4683e-01,  8.3678e-01,  1.4042e+00,  1.3608e+00,  5.9672e-01,
         -3.8708e-01,  9.8321e-01,  1.0947e+00, -5.9333e-01,  8.9028e-01,
          7.9990e-01,  1.8486e-02,  1.6470e-01,  2.5285e-01, -1.2704e+00,
          2.7245e-01,  6.4770e-01,  8.6918e-01,  7.7986e-01, -9.1526e-01,
          4.8005e-01, -7.6177e-01, -4.0029e-01,  5.3608e-01,  1.5532e-01,
          4.0498e-01, -2.8842e-01,  1.7737e-01,  1.7924e+00,  3.7169e-01,
          2.9603e+00, -6.4271e-02,  4.1537e-01,  1.9313e-01, -1.2049e-01,
         -1.4075e-01,  1.6501e-01, -7.4197e-01, -8.5088e-01, -4.6353e-01,
          5.6989e-01,  8.4949e-02, -1.1525e-01,  1.2720e+00,  9.8828e-01,
         -7.2090e-01, -7.5321e-01, -1.1778e+00, -9.5467e-01,  4.8426e-01,
          5.5175e-01, -6.3217e-01, -2.1381e-01,  6.0862e-02,  6.9040e-02,
         -9.2139e-01,  2.0484e-01,  1.1270e+00,  1.5832e+00, -1.5034e+00,
          4.5005e-01,  6.9452e-01,  8.7604e-03, -7.7358e-02,  8.1577e-02,
         -4.8264e-01, -4.5603e-01,  8.6846e-01, -5.2090e-01,  1.2811e-01,
          5.5284e-01, -9.1503e-01, -1.4938e-02,  3.1904e-01,  1.6344e-01,
         -9.7111e-01, -9.9405e-01, -1.5572e+00,  5.9474e-01,  9.3700e-01,
          1.0270e+00, -6.4793e-01,  1.0747e-01,  2.1276e+00,  1.6882e-01,
          1.7832e+00,  1.4844e+00,  5.8526e-01, -1.1427e+00,  7.1153e-01,
         -2.4150e+00,  1.4635e+00,  1.9984e+00, -2.3316e-01,  1.8238e+00,
         -1.0900e+00, -6.1425e-01,  8.6253e-01, -2.4270e+00, -3.4893e-01,
          1.8887e+00,  2.0159e+00,  3.6649e+00,  1.9121e-01,  1.1578e-01,
         -1.9778e+00,  1.4430e-01, -7.2358e-01,  9.4123e-01,  9.1506e-02,
         -2.1083e-01,  8.1200e-01, -3.0761e+00, -1.0468e+00,  1.8296e+00,
         -2.0575e+00,  6.1738e-01,  5.9382e-01,  2.0569e-01,  1.0108e+00,
         -2.7924e+00,  1.3056e+00, -1.1709e+00, -1.1632e+00, -2.9751e-01,
         -1.4771e-01, -2.0419e+00, -2.0588e-02,  1.5562e-01, -2.6413e-02,
          1.7582e+00, -1.7227e+00, -4.8224e-02,  7.5363e-01,  2.3728e-01,
         -3.5197e-01,  5.0907e-02, -5.3121e-01, -5.8978e-01,  1.0665e+00,
          1.0155e+00,  4.7537e-01,  1.1875e-01, -1.7786e+00, -4.9062e-02,
         -1.2682e+00, -5.9283e-01, -3.6412e-01, -8.6835e-02,  3.2038e-01,
         -8.2573e-01, -8.5099e-01, -6.5132e-01, -1.6160e+00, -4.1089e-01,
         -4.2689e-01,  1.2020e+00,  3.4994e-01, -8.7278e-01, -1.1380e+00,
         -1.7018e-01, -1.4016e-01, -9.0587e-01,  4.4593e-01, -1.4237e-01,
          1.1822e+00, -1.2084e-01, -6.6167e-01,  8.0916e-02,  8.7822e-02,
          1.5221e-01, -1.4695e+00, -6.7021e-01,  5.2401e-01, -4.5460e-01,
         -4.3172e-01, -3.6104e-01, -1.4823e+00, -6.7959e-02,  7.6897e-01,
          2.8729e-01, -4.3724e-01,  3.9669e-01,  1.6433e-01, -2.3338e-01,
          2.5315e-01,  8.3153e-01, -6.6988e-01, -7.1527e-01,  2.4995e-01,
          1.7524e-01, -1.5337e+00, -3.1420e-01, -4.1060e-01,  1.1968e+00,
          6.9426e-01, -5.1299e-01,  3.7999e-01, -8.8973e-01, -5.0469e-01,
          1.3006e-01,  6.3890e-01,  1.5690e-01,  2.2039e-01, -1.3110e-01,
          4.4569e-01, -1.3693e-01, -5.1249e-01,  1.0308e-01, -9.8616e-01,
         -7.8163e-01, -4.6873e-01, -3.0810e-01, -2.8667e-01,  2.2467e-01,
         -4.0463e-01,  1.2662e+00,  2.5299e-01,  2.6908e-01, -7.8819e-01,
          3.7265e-01,  6.2698e-02, -8.9512e-01, -8.4495e-01,  6.1073e-01,
          1.0038e+00,  1.4717e+00,  1.5021e+00, -9.1528e-02, -1.0793e+00,
          7.0960e-01,  1.8130e-01,  1.5560e+00,  2.4705e-01, -1.3794e-01,
          5.7992e-02,  1.7889e+00, -4.7942e-01,  1.3262e+00,  6.3542e-01,
         -3.1574e-01,  7.6149e-01,  2.6098e-01,  9.0353e-01,  1.1744e+00,
          5.1209e-01, -1.0739e+00,  3.5067e-01, -1.7730e-01, -1.7149e-01,
          4.2687e-01,  1.3164e+00,  5.9991e-01, -6.3620e-02,  1.1748e+00,
          7.0094e-01,  1.6292e+00,  5.6484e-01, -8.8656e-02, -2.7958e-01,
          3.4549e-01, -1.3090e+00, -3.5608e-01,  1.2953e+00,  9.2642e-01,
          7.5793e-01,  1.8981e+00, -2.4812e-01,  1.2891e-01, -7.8046e-01,
          7.7116e-01, -4.7898e-01,  6.9995e-01]])","tensor([[-6.7239e-01,  6.4864e-01, -1.1791e+00, -4.6228e-03,  8.5289e-01,
         -1.2268e+00, -5.2313e-01, -3.3251e+00, -2.1226e+00,  9.6649e-01,
          5.5383e-01,  5.1459e-01,  2.2137e+00,  1.3197e-01,  1.0428e-01,
         -3.5087e-02, -1.4843e+00, -7.6722e-01, -1.8067e+00,  1.0338e+00,
          7.1940e-01,  1.8775e+00, -1.2671e-01,  5.2518e-01,  2.4474e-01,
         -3.6358e-01, -9.9634e-01,  1.5728e-01,  1.2827e-01, -1.9446e-01,
          2.7143e-01,  6.7807e-01,  2.4103e-01,  1.1814e+00, -8.7830e-01,
         -4.7153e-01, -2.3784e+00,  1.1544e+00,  2.0388e+00,  9.0563e-01,
          1.2801e-01,  1.5570e+00, -2.6273e+00,  3.1845e-01,  2.1735e-01,
          1.5454e+00, -1.3872e+00,  1.7856e+00,  9.7633e-01, -4.7386e-01,
          1.3275e-01, -1.8052e-01, -1.1557e+00, -4.5490e-01, -8.4674e-01,
         -1.2879e+00, -6.5803e-01, -5.2269e-01, -2.3421e-01,  3.7098e-01,
          8.7100e-01, -1.9373e-01, -5.0722e-01, -6.7265e-01,  2.1276e-01,
          6.0304e-01, -3.8217e-01, -1.9943e+00, -2.0836e-01, -2.3878e-01,
          4.5745e-01, -9.2334e-01, -2.9636e-01,  1.0011e-01, -1.3474e+00,
         -2.4831e+00, -2.1850e+00, -9.7440e-01, -1.2771e+00, -1.1513e+00,
         -8.7483e-01, -8.5646e-01, -5.1647e-01,  2.2717e+00, -8.3954e-01,
         -6.8372e-01,  4.7506e-01, -4.7687e-02, -1.2830e+00, -1.7157e+00,
          3.8811e-02, -4.5957e-01, -3.4016e-01, -1.0209e+00,  1.1738e-01,
          4.4415e-01,  3.8855e-01, -1.6959e+00,  5.0414e-01,  2.0591e-01,
         -4.1420e+00,  1.3232e+00,  1.7019e-02,  7.8091e-01,  2.1791e+00,
          3.9395e-01,  5.0445e-01,  1.1572e+00,  8.5465e-02,  1.2284e+00,
          1.4868e+00,  4.6129e-02,  2.7108e-01,  2.5093e-01,  1.2233e+00,
         -5.5075e-01,  1.0213e+00,  7.2474e-02,  3.7555e-01,  7.6140e-01,
         -3.8889e-01,  6.0158e-01, -8.4005e-01,  5.5924e-02,  4.1973e-01,
          1.2085e-01, -3.7371e-01, -1.0875e+00, -3.8166e-01, -2.1231e-01,
         -2.9199e-01,  1.9540e-01, -5.8973e-01,  4.0859e-01,  8.5518e-01,
         -9.7004e-01,  1.9250e+00, -1.6102e+00,  6.0573e-01,  5.5663e-02,
         -7.5637e-01,  4.7140e-01,  7.2441e-02,  7.3669e-01, -2.3966e+00,
         -7.1266e-01,  4.0780e-01,  7.4582e-02,  6.9384e-02, -3.1358e-01,
         -1.3183e+00,  1.0890e+00, -5.4762e-01,  1.4407e+00, -3.0205e-01,
          2.4734e-02, -7.4887e-01,  3.7757e-01, -9.6765e-01,  1.3575e+00,
         -1.5307e+00, -1.0876e+00,  8.1357e-01, -8.2930e-01, -2.1949e-01,
         -2.8318e-01, -5.7729e-01,  8.0523e-01, -1.1683e+00, -1.1504e+00,
         -1.3779e-01,  2.1151e-01,  2.8621e-01, -2.8183e-02, -8.5674e-01,
          8.9463e-01, -1.5179e+00,  6.9538e-02, -4.7000e-01,  3.9498e-01,
         -8.5912e-02, -1.7405e-01,  8.2062e-01, -1.9609e-01,  4.7445e-01,
          1.3541e+00,  2.0243e+00,  7.3840e-01, -7.8834e-03, -2.8332e-01,
          2.1528e-02,  3.8923e-01, -3.1102e-01, -2.4024e-01,  1.9746e-01,
          2.1872e+00,  9.6054e-02,  5.2460e+00, -4.1041e-01, -1.5479e+00,
          1.8044e-01,  9.8140e-01,  8.9244e-01, -1.3409e+00, -6.5390e-01,
          8.5631e-01,  2.0469e+00, -8.7757e-01, -1.8346e+00,  6.0327e-01,
          8.7398e-01,  1.4504e+00,  3.6407e-01, -1.4666e+00, -7.7732e-01,
          8.5028e-01, -6.6251e-01,  1.5551e-01,  9.6877e-02, -1.0063e+00,
          2.7905e+00,  7.8792e-01, -6.2328e-01,  9.2229e-01, -5.9311e-01,
         -5.3816e-01, -5.8477e-01,  7.7354e-02, -7.3568e-01,  2.0315e+00,
          3.6514e-01, -3.4702e-01, -7.6197e-02, -1.3815e+00, -8.6306e-01,
          2.1632e+00, -1.3412e+00, -8.2419e-01,  9.8166e-01,  1.6616e-01,
         -6.2388e-01, -1.0152e+00, -1.2402e-01, -1.9547e+00, -1.3338e+00,
          1.0796e+00,  3.9785e-01, -1.2339e+00, -1.5088e+00,  1.6233e+00,
          3.9435e-01, -2.1260e+00, -6.8422e-01, -5.0389e-02, -5.1870e-01,
         -1.1513e+00, -2.1596e-01, -2.5500e-01, -4.1583e-01,  3.8406e-01,
          2.5034e-02,  5.1667e-01,  4.0003e-01,  5.6011e-01, -6.4249e-01,
         -5.6761e-01,  3.3842e-01, -8.6005e-01, -7.5518e-02, -1.2071e+00,
         -3.1674e-02, -4.3077e-01,  2.4632e-01,  5.0652e-01,  1.6856e+00,
         -2.6739e-01,  2.2194e-01, -9.8814e-01, -1.6311e-01,  4.8763e-01,
         -7.7295e-01, -1.1478e+00, -1.3713e+00, -1.3612e+00, -1.3734e+00,
         -1.0042e+00, -9.7560e-02, -4.9217e-01,  6.2504e-01, -6.5691e-01,
          1.4533e+00, -1.8224e+00, -8.4444e-01, -2.2838e+00, -8.3404e-01,
          3.7629e-01, -2.9877e-01, -1.9198e-01,  8.3543e-01, -4.9625e-01,
          6.4227e-01,  1.1298e-01,  8.6369e-01,  9.9889e-01, -7.9290e-01,
          3.8306e-01, -3.1636e-01,  1.0481e+00, -1.7667e+00, -4.1259e-01,
          5.8773e-01, -1.5242e-01,  5.5818e-01, -2.9525e-01, -4.8244e-01,
         -1.1520e+00,  4.2381e-03,  4.1953e-01,  9.6523e-01, -7.7715e-01,
         -6.0680e-01, -5.0934e-01, -5.2790e-01,  9.5177e-01,  2.4184e-01,
          3.0194e-01,  4.9199e-01,  5.3426e-01,  2.2579e+00, -1.2080e-01,
          2.3276e+00, -5.5450e-01, -1.5580e+00,  5.7142e-01,  1.2467e+00,
          1.4728e-02, -1.8011e+00,  5.6591e-01,  4.3839e-01, -7.4570e-01,
          6.8345e-01, -4.9974e-01,  5.3574e-01, -5.0302e-01, -2.3713e-01,
          1.3505e+00,  1.0502e+00, -3.9283e-01,  4.6962e-02,  3.9162e-01,
         -3.7898e-01, -6.4718e-01, -6.8937e-01,  1.0392e+00,  4.5181e-01,
          1.2870e+00,  1.1218e+00, -3.2257e-01, -1.0413e+00,  5.5744e-01,
          1.8032e+00, -9.4888e-01,  8.5347e-02,  8.3240e-01,  1.5418e-01,
         -4.4086e-01,  7.1164e-01,  1.0647e+00,  8.0209e-02,  5.8113e-01,
         -4.0917e-01, -1.2458e-01,  2.3924e-01, -2.1737e-01,  1.5316e+00,
          1.4569e+00,  3.7353e-02, -7.6364e-01, -6.7486e-01, -3.9935e-01,
         -8.8169e-01,  6.5174e-01,  3.3331e-01,  2.5576e+00, -2.4587e-01,
         -7.6427e-01,  3.6035e-01, -7.8624e-01, -5.5780e-02, -1.8586e+00,
          4.9081e-01,  7.8428e-01,  1.2656e+00,  1.0240e+00, -1.0971e+00,
          1.9118e+00,  1.1842e+00, -6.0152e-01,  2.6999e-01,  4.6993e-01,
         -2.1827e-01, -1.9508e+00, -1.1888e+00, -1.4310e+00,  2.6069e-01,
          1.0981e+00,  1.2441e+00, -7.2786e-01, -4.3126e-01, -8.9366e-01,
          2.1093e+00,  1.4004e+00,  8.7360e-01,  1.7478e-01,  2.0034e+00,
         -2.5005e+00, -4.6884e-01,  6.1763e-01,  3.3982e-02, -1.6428e+00,
          1.0550e+00, -1.9839e-01, -1.6155e+00,  2.6095e+00,  2.4896e-01,
          1.4517e+00,  3.0354e-02, -8.2097e-01, -2.2356e-01, -3.1257e-01,
          1.7692e-01, -8.2811e-01, -5.2311e-01, -1.7375e+00,  1.9892e-01,
         -1.6209e-01,  6.2888e-01,  1.9784e-01, -3.6116e-01, -1.7441e-01,
         -5.2910e-01, -1.8535e+00, -1.4350e+00,  6.8100e-01, -6.0454e-01,
          2.3404e+00,  9.6816e-01, -5.4647e-01, -1.1781e-01,  2.7110e-01,
         -1.9037e+00,  6.6942e-01, -6.9316e-01, -4.6281e-01, -5.3241e-01,
          6.0915e-01,  5.8902e-01, -2.8554e-01, -1.3622e+00, -5.4423e-01,
         -2.9219e+00, -9.6474e-01,  2.7673e+00, -6.8973e-01, -6.5905e-01,
         -6.3457e-01,  1.1018e+00, -3.0429e-01, -1.4051e+00, -9.4994e-01,
         -1.6123e+00,  4.7350e-01,  1.5178e+00, -1.2239e-01, -5.5070e-01,
         -4.2801e-01,  2.1486e-01, -1.6678e-01, -2.4024e-01, -7.5175e-01,
          5.4844e-01,  9.9820e-02,  1.0856e-01, -1.4504e+00,  6.4255e-01,
          1.2203e+00,  5.4962e-01, -7.2444e-01,  1.4932e+00,  1.1370e+00,
          9.3668e-01,  2.4550e-01, -6.6378e-01,  2.5260e-01,  1.3891e+00,
          7.8819e-01,  8.0548e-01,  1.2237e+00,  1.3889e+00,  4.7627e-01,
         -4.6236e-01,  8.6581e-01,  1.0462e+00, -5.0456e-01,  9.4773e-01,
          1.1658e+00, -1.8407e-02, -9.0960e-02,  8.4373e-02, -1.0751e+00,
          3.8550e-01,  5.1976e-01,  7.7771e-01,  7.5444e-01, -9.8430e-01,
          7.9961e-01, -5.2637e-01, -2.8083e-01,  4.5324e-01, -1.2735e-01,
          4.7902e-01, -1.9383e-01, -4.5078e-02,  1.5706e+00,  5.4789e-01,
          2.7219e+00, -2.2468e-01,  4.5200e-01,  3.0686e-01, -3.2380e-01,
         -1.5942e-01, -1.1482e-01, -7.5087e-01, -7.0475e-01, -1.9492e-01,
          3.6444e-01, -1.1987e-01, -7.2526e-02,  1.2533e+00,  9.8622e-01,
         -4.1979e-01, -7.6939e-01, -1.0849e+00, -1.0914e+00,  4.0648e-01,
          6.6638e-01, -5.5723e-01, -4.3449e-01,  1.4696e-01,  4.7854e-03,
         -9.4813e-01,  2.0852e-01,  1.0260e+00,  1.5554e+00, -1.4703e+00,
          3.6289e-01,  9.7851e-01,  8.4994e-02, -1.8823e-01, -1.3870e-01,
         -2.1469e-01, -5.5441e-01,  5.8459e-01, -5.7926e-01,  1.8778e-01,
          4.0051e-01, -8.7685e-01,  2.5380e-01,  1.2453e-01,  2.0099e-01,
         -1.0411e+00, -9.8586e-01, -1.7458e+00,  5.6633e-01,  1.1634e+00,
          9.8789e-01, -8.7861e-01, -5.7045e-02,  2.0328e+00,  3.0510e-01,
          1.6016e+00,  1.2698e+00,  7.0293e-01, -1.3354e+00,  5.8146e-01,
         -2.3601e+00,  1.3040e+00,  2.0341e+00, -3.4808e-01,  1.9781e+00,
         -1.0497e+00, -7.1613e-01,  1.0832e+00, -2.4028e+00, -3.4905e-01,
          1.6800e+00,  2.2361e+00,  3.4052e+00,  2.9343e-01,  2.8703e-01,
         -2.0094e+00,  2.4944e-01, -8.5085e-01,  8.6297e-01,  2.4120e-01,
         -4.1257e-01,  7.7255e-01, -3.0330e+00, -9.3624e-01,  1.7238e+00,
         -2.0721e+00,  8.1570e-01,  5.8643e-01,  1.2789e-01,  1.3019e+00,
         -2.8755e+00,  1.2159e+00, -1.1402e+00, -8.5185e-01, -2.1969e-01,
         -5.9717e-01, -1.9273e+00, -1.7071e-01,  1.8137e-01, -5.8903e-02,
          1.6896e+00, -1.9857e+00,  4.5235e-02,  6.6217e-01,  1.5148e-01,
         -1.9829e-01,  1.7934e-01, -5.4809e-01, -7.5188e-01,  1.1501e+00,
          8.8576e-01,  8.7099e-01,  1.6785e-01, -1.6856e+00, -3.2051e-01,
         -1.0813e+00, -6.4638e-01, -3.9065e-01, -6.4745e-02,  1.9615e-01,
         -8.5051e-01, -6.7347e-01, -6.2889e-01, -1.8243e+00, -5.3888e-01,
         -5.2722e-01,  1.1496e+00,  3.9324e-01, -8.6972e-01, -8.5625e-01,
         -3.1698e-01,  2.0222e-01, -1.1316e+00,  4.1794e-01, -2.2110e-02,
          1.0841e+00, -2.0733e-01, -8.1472e-01,  2.1539e-01,  6.0118e-02,
         -8.6605e-02, -1.8258e+00, -5.2972e-01,  3.0119e-01, -3.0217e-01,
         -3.2605e-01, -2.6696e-01, -1.6590e+00,  2.8382e-01,  7.7474e-01,
          1.8896e-01, -3.2613e-01,  5.0395e-01,  2.3986e-01, -2.2138e-01,
          3.7982e-01,  6.3032e-01, -3.7592e-01, -6.5845e-01,  2.1147e-01,
          6.5885e-02, -1.2678e+00, -9.3203e-02, -3.5155e-03,  1.2575e+00,
          6.9331e-01, -6.7299e-01,  2.0960e-01, -9.9613e-01, -7.3846e-01,
          9.1456e-02,  7.9416e-01,  3.1264e-01,  2.6503e-01, -2.6932e-02,
          5.8866e-01, -1.8631e-01, -5.1342e-01,  1.1000e-01, -8.9226e-01,
         -8.0960e-01, -3.4362e-01, -1.7800e-01, -3.2907e-01, -3.6669e-02,
         -5.2318e-01,  1.3560e+00,  2.4634e-01,  2.4650e-01, -9.3077e-01,
          5.0323e-01, -2.7279e-03, -1.0019e+00, -8.6707e-01,  5.3384e-01,
          9.7073e-01,  1.3517e+00,  1.5912e+00,  2.0934e-01, -9.9209e-01,
          7.1758e-01,  1.2201e-01,  1.4721e+00,  1.6010e-01, -4.0627e-02,
         -3.9423e-02,  1.6562e+00, -2.4115e-01,  1.2909e+00,  5.4345e-01,
         -3.2522e-01,  7.5411e-01,  5.1540e-01,  7.6304e-01,  1.0515e+00,
          5.2187e-01, -8.2603e-01,  4.6288e-01, -1.8902e-01, -6.6437e-02,
          4.9113e-01,  1.5280e+00,  5.1946e-01,  1.8964e-01,  1.1715e+00,
          6.5693e-01,  1.5783e+00,  5.9717e-01, -5.7228e-03, -6.2483e-04,
          3.4540e-01, -1.0503e+00, -7.0636e-01,  1.6260e+00,  8.0268e-01,
          6.4695e-01,  1.9313e+00, -1.5200e-01,  2.1578e-01, -3.3892e-01,
          8.1648e-01, -5.2557e-01,  4.9821e-01]])","tensor([[-4.9425e-01,  6.1362e-01, -1.1348e+00,  5.9917e-02,  1.0451e+00,
         -1.1495e+00, -4.8516e-01, -3.2542e+00, -1.7258e+00,  8.8974e-01,
          3.8686e-01,  6.1683e-01,  1.9813e+00,  4.4346e-03,  1.9627e-01,
         -3.6081e-01, -1.4067e+00, -8.7052e-01, -1.5502e+00,  9.3759e-01,
          6.4146e-01,  1.7072e+00,  4.5711e-02,  4.8666e-01,  2.6673e-01,
         -5.7039e-01, -1.0168e+00,  1.0082e-01,  2.4552e-01, -3.6500e-01,
          2.1562e-01,  6.4213e-01,  3.0518e-01,  1.0157e+00, -1.0346e+00,
         -4.0415e-01, -2.6524e+00,  1.0916e+00,  2.1166e+00,  7.2231e-01,
          3.5018e-01,  1.7168e+00, -2.4962e+00,  3.9067e-01,  2.7128e-01,
          1.4088e+00, -1.4354e+00,  1.6541e+00,  1.1105e+00, -5.5434e-01,
          9.6192e-02, -1.9737e-01, -9.7200e-01, -9.1715e-02, -9.0327e-01,
         -1.4425e+00, -5.9915e-01, -3.2780e-01, -4.8744e-02,  5.0841e-01,
          8.0203e-01, -2.4007e-01, -6.2693e-01, -5.9006e-01,  3.4782e-01,
          5.5651e-01, -4.9078e-01, -2.0849e+00, -1.7711e-01, -1.2846e-02,
          4.1897e-01, -6.8602e-01, -2.7539e-01,  1.2702e-01, -1.2907e+00,
         -2.5087e+00, -2.1936e+00, -8.0672e-01, -1.2575e+00, -1.1209e+00,
         -7.9555e-01, -6.8693e-01, -6.2191e-01,  2.3217e+00, -8.5156e-01,
         -4.3759e-01,  6.1554e-01,  1.2808e-01, -1.3648e+00, -2.0063e+00,
         -6.0561e-02, -3.7242e-01, -4.6850e-01, -1.1009e+00, -5.6708e-02,
          3.7457e-01,  5.2480e-01, -1.8325e+00,  5.7456e-01,  2.8541e-01,
         -5.0802e+00,  1.4589e+00,  1.8427e-02,  7.0102e-01,  2.0137e+00,
          3.8706e-01,  4.5884e-01,  1.3841e+00,  2.1208e-01,  8.9680e-01,
          1.5136e+00,  1.8943e-01,  4.4763e-01, -2.2188e-01,  1.0184e+00,
         -6.5510e-01,  9.6222e-01,  1.6097e-01,  1.8484e-01,  6.7692e-01,
         -2.6556e-01,  2.9026e-01, -1.0046e+00,  7.3331e-02,  3.1060e-01,
          7.4683e-02, -3.8155e-01, -1.2766e+00, -4.9994e-01, -2.8569e-01,
         -3.1441e-01,  7.6083e-02, -6.0245e-01,  4.9498e-01,  7.4955e-01,
         -1.1012e+00,  1.8640e+00, -1.6581e+00,  4.7336e-01,  4.3303e-02,
         -6.8634e-01,  4.8116e-01,  1.8754e-01,  3.7510e-01, -2.4623e+00,
         -7.9826e-01,  3.9874e-01,  2.6493e-01,  3.1405e-01, -1.1767e-01,
         -1.3228e+00,  1.0609e+00, -3.9101e-01,  1.2823e+00, -4.5826e-01,
          2.7026e-01, -5.5142e-01,  5.4691e-01, -8.0535e-01,  1.1743e+00,
         -1.5915e+00, -9.9369e-01,  5.9949e-01, -8.7734e-01, -1.8209e-02,
         -2.6161e-01, -6.8418e-01,  7.1405e-01, -1.1347e+00, -8.9134e-01,
         -3.0749e-01,  4.7389e-01,  1.6354e-01, -4.4900e-01, -1.1365e+00,
          1.0400e+00, -1.6406e+00, -1.7440e-01, -5.4300e-01,  4.4790e-01,
         -6.8485e-02,  3.3279e-03,  7.1448e-01, -2.6958e-01,  4.4709e-01,
          1.3124e+00,  2.1634e+00,  8.8751e-01,  2.5208e-01, -3.9303e-01,
         -1.7272e-01,  3.4595e-01, -2.0292e-01, -1.3510e-01,  1.8274e-02,
          2.0977e+00,  1.1728e-01,  6.0496e+00, -4.3127e-01, -1.5433e+00,
          1.1489e-01,  1.0166e+00,  7.9397e-01, -1.6017e+00, -6.9790e-01,
          8.7965e-01,  2.1091e+00, -6.9789e-01, -1.7383e+00,  6.5781e-01,
          5.5501e-01,  1.3362e+00,  4.9178e-01, -1.4073e+00, -7.7528e-01,
          7.4201e-01, -6.7030e-01,  2.4677e-01,  2.4889e-01, -1.1028e+00,
          2.9321e+00,  7.2725e-01, -7.5647e-01,  9.2370e-01, -3.6915e-01,
         -5.0000e-01, -5.5452e-01,  1.8320e-01, -6.9863e-01,  2.0763e+00,
          5.5932e-01, -3.4111e-01, -7.0667e-02, -1.4620e+00, -8.9565e-01,
          2.1068e+00, -1.3587e+00, -1.0709e+00,  1.0183e+00,  3.2436e-01,
         -8.4328e-01, -9.7265e-01, -5.6630e-03, -1.7081e+00, -1.4974e+00,
          1.4170e+00,  2.9805e-01, -1.3699e+00, -1.4026e+00,  1.6906e+00,
          2.9019e-01, -2.2368e+00, -6.9666e-01, -2.1940e-01, -6.6299e-01,
         -1.0102e+00, -2.3771e-01, -3.3432e-01, -4.9546e-01,  3.6607e-01,
          8.0118e-02,  6.9741e-01,  2.1768e-01,  6.2463e-01, -5.8641e-01,
         -6.3944e-01,  7.7295e-02, -6.6623e-01, -8.8135e-02, -1.0094e+00,
          2.2785e-01, -2.0628e-01,  3.5954e-01,  5.3386e-01,  1.7728e+00,
         -1.9432e-01,  3.3462e-01, -9.5732e-01, -4.0605e-02,  3.8100e-01,
         -5.6445e-01, -8.2965e-01, -1.0034e+00, -1.3656e+00, -1.5191e+00,
         -7.1777e-01, -3.2244e-01, -1.4048e-02,  8.9109e-01, -5.9787e-01,
          1.4559e+00, -1.7512e+00, -7.2556e-01, -2.1040e+00, -7.6847e-01,
          5.4561e-01, -3.3097e-01, -3.6074e-01,  7.1981e-01, -4.6638e-01,
          5.9257e-01, -1.8548e-02,  1.0692e+00,  1.1692e+00, -7.6597e-01,
          2.5232e-01, -7.4534e-02,  9.8096e-01, -1.8899e+00, -4.4493e-01,
          4.7910e-01, -3.6204e-01,  4.8012e-01, -1.4760e-01, -8.0369e-01,
         -1.3247e+00, -9.7414e-02,  4.5957e-01,  8.3081e-01, -9.2858e-01,
         -6.6197e-01, -4.5908e-01, -3.4295e-01,  8.9224e-01,  1.6214e-01,
          2.6294e-01,  5.2777e-01,  6.7010e-01,  2.4195e+00, -8.6840e-02,
          2.2954e+00, -6.1394e-01, -1.4647e+00,  4.7331e-01,  1.2940e+00,
         -3.3108e-02, -1.7223e+00,  3.5918e-01,  4.6820e-01, -6.9614e-01,
          5.3574e-01, -6.0938e-01,  7.1196e-01, -6.1407e-01, -8.0979e-03,
          1.4522e+00,  1.0436e+00, -3.7994e-01,  7.6140e-03,  2.2465e-01,
         -2.2066e-01, -5.5520e-01, -8.9054e-01,  1.1520e+00,  3.7915e-01,
          1.4174e+00,  9.3327e-01, -4.2002e-01, -1.1838e+00,  6.1203e-01,
          1.5830e+00, -8.4645e-01,  1.1988e-01,  7.1077e-01,  1.7726e-01,
         -3.2488e-01,  5.1172e-01,  1.1580e+00,  2.5957e-01,  6.1179e-01,
         -6.0750e-01, -8.3137e-02,  1.4094e-01, -2.0071e-02,  1.5340e+00,
          1.2603e+00,  2.4365e-01, -6.7787e-01, -6.0169e-01, -3.5105e-01,
         -1.0106e+00,  6.3035e-01,  4.5818e-01,  2.4072e+00, -1.5281e-01,
         -5.3622e-01,  5.2647e-01, -3.4381e-01, -1.0166e-01, -1.9049e+00,
          3.9728e-01,  8.0151e-01,  1.4006e+00,  8.4787e-01, -1.2294e+00,
          1.9657e+00,  1.2572e+00, -7.0994e-01,  1.2671e-01,  1.7865e-01,
         -1.0302e-01, -1.9523e+00, -1.1275e+00, -1.5918e+00,  4.2137e-01,
          8.8233e-01,  8.8665e-01, -9.0293e-01, -4.4890e-01, -8.2342e-01,
          1.9963e+00,  1.1888e+00,  4.9084e-01,  3.5145e-03,  1.8426e+00,
         -2.5978e+00, -1.7524e-01,  5.3076e-01,  1.4666e-01, -1.6474e+00,
          1.2861e+00, -2.8490e-01, -1.4902e+00,  2.5799e+00,  4.9853e-01,
          1.5489e+00, -3.3814e-02, -6.5035e-01, -3.9825e-01, -7.4057e-02,
          1.9061e-01, -8.6452e-01, -5.7407e-01, -1.5779e+00,  5.1713e-02,
         -1.2022e-01,  5.5457e-01,  2.3861e-02, -3.2422e-01, -1.7734e-01,
         -6.2146e-01, -1.7951e+00, -1.4033e+00,  6.2198e-01, -4.6904e-01,
          2.1123e+00,  9.4954e-01, -3.3366e-01, -1.8844e-01,  1.8504e-01,
         -1.8238e+00,  6.9758e-01, -5.4000e-01, -5.7684e-01, -3.5095e-01,
          6.1893e-01,  6.1896e-01, -2.8071e-01, -9.8708e-01, -2.8516e-01,
         -3.0048e+00, -7.2213e-01,  2.7748e+00, -8.8344e-01, -5.3001e-01,
         -5.3571e-01,  1.2649e+00, -3.7096e-01, -1.2742e+00, -7.3658e-01,
         -1.4264e+00,  4.2613e-01,  1.6933e+00, -8.3425e-02, -5.2647e-01,
         -5.4769e-01,  4.8520e-02, -1.9859e-01, -2.0149e-01, -7.8224e-01,
          5.1436e-01,  1.4918e-01,  1.0109e-01, -1.3058e+00,  4.6258e-01,
          1.2558e+00,  5.9808e-01, -6.3483e-01,  1.1598e+00,  1.1601e+00,
          9.2810e-01,  4.3511e-01, -6.4211e-01,  4.7386e-01,  1.1753e+00,
          6.9814e-01,  7.0293e-01,  9.9243e-01,  1.1862e+00,  2.8701e-01,
         -4.3490e-01,  7.9681e-01,  1.0635e+00, -3.0552e-01,  8.9222e-01,
          1.4249e+00,  7.4725e-02, -3.8011e-01,  6.1186e-02, -1.0788e+00,
          2.8861e-01,  3.6997e-01,  8.1912e-01,  6.4910e-01, -1.2333e+00,
          6.2945e-01, -4.9549e-01, -1.8806e-01,  4.2626e-01, -5.1760e-01,
          2.2425e-01, -3.2504e-01, -3.5385e-01,  1.3285e+00,  6.1109e-01,
          2.4349e+00, -1.8674e-01,  4.1058e-01,  2.9995e-01, -2.7272e-01,
         -2.3120e-01, -3.0475e-01, -6.7947e-01, -5.5496e-01, -1.4901e-01,
          2.3611e-01, -2.5666e-01, -1.1532e-01,  1.2791e+00,  8.8349e-01,
         -1.3203e-01, -7.8552e-01, -1.1851e+00, -1.0572e+00,  3.6088e-01,
          7.2591e-01, -4.3357e-01, -6.5574e-01,  2.0096e-01,  5.5510e-02,
         -8.3918e-01,  1.6195e-01,  8.7656e-01,  1.5265e+00, -1.4410e+00,
          2.1846e-01,  1.0787e+00,  1.6254e-01, -2.1487e-01, -2.0979e-01,
          9.0250e-02, -5.8786e-01,  2.4282e-01, -5.6155e-01,  2.8094e-01,
          3.2026e-01, -7.0743e-01,  2.1120e-01,  3.2347e-02,  1.0985e-01,
         -1.1588e+00, -1.0468e+00, -1.6234e+00,  5.0192e-01,  1.2509e+00,
          1.0405e+00, -1.1923e+00, -2.1950e-01,  2.0569e+00,  3.3858e-01,
          1.2155e+00,  1.0397e+00,  7.5061e-01, -1.1868e+00,  7.2975e-01,
         -2.1501e+00,  1.2322e+00,  2.0064e+00, -5.4731e-01,  2.1815e+00,
         -1.0994e+00, -8.1745e-01,  1.1108e+00, -2.3112e+00, -2.8500e-01,
          1.4540e+00,  2.1608e+00,  3.3011e+00,  2.9743e-01,  3.0276e-01,
         -2.0086e+00,  3.5657e-01, -8.1987e-01,  9.2318e-01,  2.4968e-01,
         -4.7264e-01,  7.9787e-01, -2.9503e+00, -9.2781e-01,  1.6137e+00,
         -2.1181e+00,  9.5956e-01,  3.9475e-01,  1.2873e-01,  1.4005e+00,
         -2.9180e+00,  1.0572e+00, -1.1741e+00, -7.0874e-01, -1.8910e-01,
         -9.2167e-01, -1.7896e+00, -4.0852e-01,  1.5869e-01, -1.2976e-01,
          1.6365e+00, -2.1264e+00,  2.0353e-01,  5.6653e-01,  5.2045e-03,
         -1.4051e-01,  2.1144e-01, -6.2412e-01, -8.5169e-01,  9.7504e-01,
          8.6120e-01,  9.7894e-01,  2.2966e-01, -1.6390e+00, -3.0063e-01,
         -8.0291e-01, -6.8130e-01, -3.2264e-01, -6.7365e-02,  6.8155e-02,
         -9.9996e-01, -7.5930e-01, -4.7018e-01, -2.1083e+00, -5.2914e-01,
         -4.9418e-01,  1.0017e+00,  2.5733e-01, -9.8345e-01, -6.2148e-01,
         -3.4485e-01,  3.0958e-01, -1.1987e+00,  2.6875e-01, -7.1463e-02,
          1.1550e+00, -1.3466e-01, -8.3449e-01,  3.8034e-01,  2.0876e-02,
         -2.9059e-01, -1.8484e+00, -4.2784e-01,  1.5801e-01, -2.8930e-01,
         -2.5514e-01, -2.7689e-02, -1.8079e+00,  3.1887e-01,  1.0034e+00,
          2.9585e-01,  3.2977e-02,  7.3981e-01,  4.1725e-01, -2.3776e-01,
          4.5987e-01,  4.4075e-01, -1.0639e-01, -4.7516e-01,  1.6662e-01,
          2.1816e-02, -1.0313e+00,  3.0107e-01,  1.3996e-01,  1.2464e+00,
          6.4681e-01, -6.7415e-01,  1.7280e-01, -1.0748e+00, -5.8675e-01,
          1.3203e-01,  8.9765e-01,  5.2552e-01,  2.4671e-01,  1.0370e-02,
          6.1279e-01, -3.1921e-02, -6.1638e-01,  1.8167e-01, -6.6139e-01,
         -7.3223e-01, -3.9705e-01, -3.7457e-02, -2.7589e-01, -1.5335e-01,
         -8.0463e-01,  1.4143e+00,  1.9086e-01,  3.4325e-01, -9.9130e-01,
          5.1061e-01,  8.2267e-02, -9.3929e-01, -8.2031e-01,  4.9923e-01,
          1.1197e+00,  1.1536e+00,  1.5414e+00,  4.0295e-01, -7.9273e-01,
          9.1108e-01,  1.7259e-01,  1.5367e+00,  9.8176e-02, -9.4002e-02,
         -1.2725e-01,  1.5456e+00, -2.2788e-01,  1.1026e+00,  3.7963e-01,
         -4.1959e-01,  8.2300e-01,  5.1400e-01,  6.8164e-01,  9.7786e-01,
          6.7464e-01, -7.8490e-01,  5.5334e-01, -1.1470e-01, -1.4212e-01,
          7.0164e-01,  1.5408e+00,  4.2339e-01,  4.6158e-01,  1.1629e+00,
          2.3638e-01,  1.5244e+00,  6.9424e-01,  1.0358e-02,  2.7559e-01,
          2.7981e-01, -7.9634e-01, -9.7446e-01,  1.9657e+00,  7.9420e-01,
          5.1082e-01,  1.8400e+00, -1.4387e-01,  3.5986e-01, -2.3829e-01,
          9.8938e-01, -5.2165e-01,  3.8293e-01]])","tensor([[-3.4301e-01,  5.4482e-01, -1.2751e+00,  1.3014e-01,  9.8426e-01,
         -1.0341e+00, -5.6463e-01, -3.1832e+00, -1.4770e+00,  9.9263e-01,
          2.9301e-01,  7.8312e-01,  1.7667e+00, -6.9553e-02,  1.7133e-01,
         -6.9171e-01, -1.3938e+00, -9.6847e-01, -1.4234e+00,  9.2369e-01,
          5.7595e-01,  1.4431e+00,  1.2718e-01,  4.6179e-01,  2.7163e-01,
         -6.2282e-01, -1.1857e+00, -3.1602e-02,  4.1388e-01, -6.0877e-01,
          1.8682e-01,  6.4984e-01,  4.0812e-01,  1.0453e+00, -1.0110e+00,
         -4.1338e-01, -2.6843e+00,  1.2024e+00,  2.1380e+00,  7.0002e-01,
          3.8777e-01,  1.4983e+00, -2.4095e+00,  5.5723e-01,  3.0535e-01,
          1.1987e+00, -1.4395e+00,  1.5256e+00,  1.0681e+00, -7.4063e-01,
          4.0524e-02, -3.4071e-01, -7.5285e-01,  1.9820e-01, -1.0679e+00,
         -1.6587e+00, -5.5220e-01, -1.8921e-01, -3.7182e-03,  4.7103e-01,
          9.7702e-01, -2.2499e-01, -8.2775e-01, -5.3195e-01,  4.4389e-01,
          3.9175e-01, -5.6025e-01, -1.8762e+00, -2.4536e-01,  1.2289e-01,
          1.9453e-01, -4.6230e-01, -3.6676e-01,  2.1277e-02, -1.2929e+00,
         -2.4824e+00, -2.1313e+00, -8.1321e-01, -1.1980e+00, -1.1936e+00,
         -5.8830e-01, -4.8402e-01, -7.1092e-01,  2.4409e+00, -8.7652e-01,
         -2.0644e-01,  7.0959e-01,  3.5208e-01, -1.2716e+00, -2.0279e+00,
         -2.3616e-01, -3.5394e-01, -4.9912e-01, -1.3192e+00,  8.1797e-02,
          3.9873e-01,  5.8220e-01, -1.7728e+00,  7.5128e-01,  2.1221e-01,
         -5.7931e+00,  1.6229e+00,  1.6469e-01,  7.1997e-01,  1.8835e+00,
          4.9840e-01,  4.9872e-01,  1.4984e+00,  1.3562e-01,  5.3190e-01,
          1.4669e+00,  3.7080e-01,  6.7238e-01, -5.3731e-01,  8.3014e-01,
         -6.4972e-01,  7.9465e-01,  3.7693e-01,  8.6238e-02,  6.8108e-01,
         -2.1799e-01,  1.6969e-01, -9.1559e-01,  9.9950e-02,  3.4346e-01,
          1.2182e-01, -2.2793e-01, -1.4217e+00, -5.6220e-01, -3.5515e-01,
         -3.5151e-01, -1.0520e-01, -6.9308e-01,  5.4696e-01,  7.7392e-01,
         -1.1859e+00,  1.8660e+00, -1.4590e+00,  3.4156e-01, -4.3839e-02,
         -7.1912e-01,  6.9022e-01,  5.7989e-02,  1.4171e-01, -2.4684e+00,
         -7.9150e-01,  4.7962e-01,  3.7950e-01,  3.0904e-01,  1.5124e-01,
         -1.2010e+00,  9.8765e-01, -1.5718e-01,  1.1937e+00, -4.6369e-01,
          2.4022e-01, -3.3339e-01,  5.4211e-01, -5.5113e-01,  1.1493e+00,
         -1.5292e+00, -7.7616e-01,  4.2916e-01, -7.2901e-01,  2.5383e-01,
         -4.2563e-01, -5.9975e-01,  8.2609e-01, -1.1159e+00, -7.3128e-01,
         -1.6366e-01,  5.2309e-01,  1.7707e-01, -7.0293e-01, -1.2950e+00,
          1.2248e+00, -1.7604e+00, -1.4655e-01, -5.2325e-01,  5.8873e-01,
         -8.8211e-02,  8.6695e-02,  6.3057e-01, -2.7495e-02,  4.5910e-01,
          1.3715e+00,  2.1536e+00,  1.0555e+00,  6.0400e-01, -5.1917e-01,
         -2.4810e-01,  4.4250e-01, -3.1402e-01, -1.0902e-01, -1.4035e-01,
          2.0136e+00,  1.4757e-01,  6.5211e+00, -4.6274e-01, -1.4784e+00,
          1.6014e-01,  1.0653e+00,  7.0081e-01, -1.7018e+00, -7.8729e-01,
          8.3428e-01,  1.9567e+00, -7.9773e-01, -1.8543e+00,  5.8710e-01,
          3.5033e-01,  1.1513e+00,  6.2881e-01, -1.3703e+00, -6.2932e-01,
          6.6064e-01, -4.0583e-01,  3.0992e-01,  3.3278e-01, -1.2419e+00,
          2.9530e+00,  6.1138e-01, -8.6476e-01,  9.3326e-01, -1.5388e-01,
         -4.7312e-01, -4.0823e-01,  1.3375e-01, -7.0944e-01,  2.0903e+00,
          6.8040e-01, -5.9575e-01,  5.4031e-02, -1.3058e+00, -9.8398e-01,
          1.9572e+00, -1.2279e+00, -1.0710e+00,  8.9840e-01,  3.8406e-01,
         -1.0454e+00, -8.7356e-01,  9.5811e-02, -1.3269e+00, -1.4963e+00,
          1.5652e+00,  1.7034e-01, -1.5907e+00, -1.2754e+00,  1.6773e+00,
          3.2179e-01, -2.2414e+00, -4.6798e-01, -3.5258e-01, -6.1882e-01,
         -8.3981e-01, -2.9231e-01, -3.4704e-01, -5.6605e-01,  3.8715e-01,
         -5.1613e-02,  6.9725e-01,  2.5577e-01,  5.7304e-01, -5.7393e-01,
         -7.2799e-01, -2.3592e-01, -6.6613e-01,  1.1910e-01, -8.5907e-01,
          4.9438e-01, -1.6372e-01,  2.9235e-01,  4.7638e-01,  1.7318e+00,
         -4.3095e-02,  3.2043e-01, -8.9048e-01, -1.2367e-01,  5.8879e-01,
         -3.2816e-01, -7.1056e-01, -9.2113e-01, -1.2389e+00, -1.6339e+00,
         -6.0805e-01, -6.2363e-01,  4.8817e-01,  9.7475e-01, -5.0919e-01,
          1.4133e+00, -1.6200e+00, -6.4481e-01, -1.9537e+00, -7.5642e-01,
          6.7472e-01, -2.6277e-01, -4.2628e-01,  6.3404e-01, -4.4076e-01,
          4.2330e-01, -2.4326e-01,  1.1523e+00,  1.2441e+00, -7.4091e-01,
          1.5861e-01,  7.7245e-02,  1.0502e+00, -1.9228e+00, -2.3234e-01,
          3.8792e-01, -5.7486e-01,  4.3844e-01,  1.2889e-01, -1.1759e+00,
         -1.4029e+00, -1.2108e-01,  5.1531e-01,  5.2225e-01, -1.0076e+00,
         -8.1544e-01, -4.1308e-01, -3.0994e-01,  8.1210e-01,  4.5943e-02,
          1.8446e-01,  5.4901e-01,  7.9516e-01,  2.4826e+00,  3.6645e-02,
          2.2163e+00, -6.3486e-01, -1.3616e+00,  3.7159e-01,  1.3861e+00,
          2.7542e-02, -1.7080e+00,  3.0489e-01,  4.2914e-01, -6.1552e-01,
          3.6284e-01, -7.7808e-01,  7.4736e-01, -8.0092e-01,  1.5346e-01,
          1.3122e+00,  9.3910e-01, -3.9366e-01, -8.8457e-03,  3.9216e-02,
          4.8333e-02, -5.0426e-01, -9.2001e-01,  1.1978e+00,  4.5915e-01,
          1.6012e+00,  7.4221e-01, -3.9033e-01, -1.2443e+00,  5.7738e-01,
          1.4982e+00, -7.7978e-01, -9.0848e-02,  6.7441e-01,  2.3783e-01,
         -2.1237e-01,  3.1103e-01,  1.3142e+00,  4.3343e-01,  6.7442e-01,
         -4.9342e-01,  3.4820e-02,  1.6690e-01,  4.0041e-02,  1.6606e+00,
          1.0955e+00,  3.7604e-01, -7.4771e-01, -5.3585e-01, -2.5767e-01,
         -1.2419e+00,  8.9872e-01,  4.5972e-01,  2.2584e+00, -1.0061e-01,
         -5.6208e-01,  7.8785e-01, -1.8027e-02, -1.9041e-01, -1.7076e+00,
          3.7451e-01,  7.8258e-01,  1.4295e+00,  6.7712e-01, -1.3750e+00,
          1.9921e+00,  1.2928e+00, -7.7176e-01, -1.0432e-01, -7.3709e-02,
         -1.5651e-02, -1.8965e+00, -9.6156e-01, -1.8278e+00,  3.4493e-01,
          7.6477e-01,  6.1990e-01, -7.7289e-01, -5.9286e-01, -1.0209e+00,
          1.9955e+00,  1.1002e+00,  2.3621e-01,  1.5941e-02,  1.4408e+00,
         -2.5300e+00,  1.9108e-01,  3.1206e-01,  1.2697e-01, -1.6375e+00,
          1.4734e+00, -1.5262e-01, -1.4200e+00,  2.5457e+00,  6.3753e-01,
          1.5354e+00,  1.7985e-02, -5.7298e-01, -3.3522e-01, -1.1450e-02,
          2.7472e-01, -8.5260e-01, -5.3826e-01, -1.5603e+00,  8.8287e-02,
         -1.5199e-02,  4.1382e-01, -1.8954e-01, -2.7386e-01, -1.7794e-01,
         -7.9860e-01, -1.7012e+00, -1.2499e+00,  6.4685e-01, -3.9455e-01,
          1.9937e+00,  9.9840e-01, -6.0313e-02, -3.0723e-01,  6.1466e-02,
         -1.7193e+00,  6.7714e-01, -4.6238e-01, -7.0816e-01, -1.4326e-01,
          6.3822e-01,  7.0685e-01, -2.6798e-01, -9.8174e-01,  1.7537e-02,
         -3.0563e+00, -5.9644e-01,  2.8426e+00, -1.0144e+00, -3.4032e-01,
         -4.0301e-01,  1.3356e+00, -2.4892e-01, -1.2015e+00, -8.1292e-01,
         -1.2282e+00,  2.7440e-01,  1.8105e+00, -1.3846e-01, -4.0692e-01,
         -3.7154e-01,  9.2767e-02, -1.8001e-01, -3.6281e-01, -9.3148e-01,
          4.8184e-01,  2.3277e-02,  1.1495e-01, -1.3013e+00,  2.5206e-01,
          1.2131e+00,  6.8842e-01, -5.6015e-01,  9.0042e-01,  1.0245e+00,
          9.8599e-01,  5.2412e-01, -7.9328e-01,  6.3161e-01,  8.8640e-01,
          4.3698e-01,  5.4052e-01,  8.6736e-01,  1.1766e+00,  1.7202e-02,
         -5.5175e-01,  5.9301e-01,  1.1220e+00, -9.7890e-02,  8.8563e-01,
          1.5370e+00,  3.8328e-02, -7.0006e-01, -1.1495e-02, -1.0959e+00,
          1.2640e-01,  2.8626e-01,  8.4227e-01,  6.1261e-01, -1.1871e+00,
          7.0845e-01, -4.9251e-01, -2.0058e-01,  5.0577e-01, -6.9375e-01,
          5.1294e-02, -8.8406e-02, -6.9411e-01,  1.2141e+00,  5.5567e-01,
          2.1506e+00, -2.7149e-01,  2.5783e-01,  1.3422e-01, -3.4361e-01,
         -3.1472e-01, -4.2697e-01, -6.1554e-01, -4.6288e-01, -4.8534e-03,
          4.8015e-02, -4.9096e-01, -1.4991e-01,  1.1113e+00,  7.3249e-01,
         -8.7556e-02, -8.8793e-01, -9.7792e-01, -1.0566e+00,  2.6650e-01,
          6.6522e-01, -4.4737e-01, -9.2655e-01,  3.2341e-01,  1.8169e-01,
         -8.5163e-01,  1.1675e-01,  8.1466e-01,  1.5413e+00, -1.2297e+00,
          6.9387e-02,  1.1669e+00,  1.7221e-01, -1.1446e-01, -2.4150e-01,
          9.4579e-02, -5.8296e-01,  5.1695e-02, -6.3056e-01,  3.1724e-01,
          1.0540e-01, -8.3191e-01,  4.3147e-01, -8.6638e-02,  1.1729e-01,
         -1.0932e+00, -1.0301e+00, -1.5702e+00,  4.3863e-01,  1.1892e+00,
          1.1465e+00, -1.1726e+00, -2.7599e-01,  1.9548e+00,  2.9906e-01,
          1.0033e+00,  9.6950e-01,  8.3338e-01, -1.5061e+00,  7.6304e-01,
         -2.1649e+00,  1.1232e+00,  2.0166e+00, -5.1585e-01,  2.1929e+00,
         -1.0211e+00, -9.3342e-01,  1.1305e+00, -2.2903e+00, -1.6284e-01,
          1.2751e+00,  2.2876e+00,  3.1250e+00,  4.3574e-01,  3.6238e-01,
         -2.0202e+00,  4.3486e-01, -7.0562e-01,  7.8742e-01,  3.1798e-01,
         -6.4698e-01,  6.6489e-01, -2.8233e+00, -8.2894e-01,  1.5779e+00,
         -1.8464e+00,  1.0319e+00,  1.8590e-01,  1.4273e-01,  1.5246e+00,
         -2.9118e+00,  8.6612e-01, -1.0952e+00, -4.8879e-01, -2.2559e-01,
         -1.2077e+00, -1.5596e+00, -4.1272e-01,  4.9055e-02, -1.9600e-01,
          1.6904e+00, -2.0743e+00,  2.4768e-01,  5.0416e-01, -6.1198e-02,
         -4.5981e-02,  3.4895e-01, -7.9794e-01, -9.4356e-01,  9.1440e-01,
          6.8082e-01,  1.3274e+00,  1.7868e-01, -1.4946e+00, -3.5102e-01,
         -5.0827e-01, -6.8651e-01, -3.6242e-01,  1.4493e-01, -1.8184e-01,
         -1.1112e+00, -7.4733e-01, -2.5383e-01, -2.3384e+00, -5.2632e-01,
         -2.9066e-01,  9.3119e-01,  2.1653e-01, -8.8474e-01, -2.7056e-01,
         -3.6823e-01,  4.3198e-01, -1.3621e+00,  2.1634e-01, -1.5682e-01,
          1.0411e+00, -1.8499e-01, -7.2820e-01,  4.5266e-01, -1.7320e-01,
         -2.3665e-01, -1.9151e+00, -3.6259e-01, -1.3901e-03, -1.6255e-01,
         -1.7122e-01,  5.7108e-02, -1.8416e+00,  5.5395e-01,  1.0143e+00,
          1.3108e-01,  1.4723e-01,  1.0019e+00,  5.2510e-01, -2.6063e-01,
          5.1286e-01,  4.0830e-01,  1.1624e-02, -5.1641e-01,  6.5439e-02,
         -5.8333e-02, -9.3414e-01,  4.4087e-01,  3.8382e-01,  1.3622e+00,
          4.6083e-01, -7.4570e-01,  4.7245e-02, -1.0796e+00, -5.0458e-01,
         -4.4387e-02,  8.5027e-01,  5.6088e-01,  1.8789e-01,  6.7393e-02,
          6.8882e-01, -4.9027e-02, -7.1249e-01,  2.8421e-01, -6.0537e-01,
         -7.4330e-01, -2.8066e-01, -3.6645e-02, -2.9332e-01, -2.9971e-01,
         -8.3192e-01,  1.2936e+00,  1.4146e-01,  4.4961e-01, -9.0750e-01,
          5.5629e-01,  2.1499e-01, -9.6994e-01, -7.9638e-01,  4.5034e-01,
          1.2491e+00,  1.0301e+00,  1.4818e+00,  3.0316e-01, -9.7664e-01,
          1.0931e+00,  2.1543e-01,  1.5079e+00,  5.6456e-02, -1.5127e-01,
         -2.8446e-01,  1.5372e+00, -2.1000e-01,  1.1601e+00,  1.5137e-01,
         -4.2529e-01,  7.8230e-01,  5.7653e-01,  6.5285e-01,  8.3234e-01,
          6.4808e-01, -6.8942e-01,  6.5546e-01, -1.0240e-01, -1.8613e-01,
          7.7323e-01,  1.6135e+00,  2.5888e-01,  6.3623e-01,  1.1320e+00,
          1.0830e-01,  1.4609e+00,  8.0846e-01,  3.4400e-02,  3.3327e-01,
          3.4158e-01, -6.1780e-01, -1.0918e+00,  2.3423e+00,  9.5608e-01,
          3.5427e-01,  1.7813e+00, -1.1915e-01,  3.4601e-01, -1.6572e-02,
          1.0263e+00, -5.5676e-01,  2.7798e-01]])","tensor([[-2.3582e-01,  6.1237e-01, -1.0935e+00,  2.2458e-01,  9.9547e-01,
         -8.2405e-01, -5.7881e-01, -3.0297e+00, -1.3228e+00,  1.0108e+00,
          9.1118e-02,  8.5514e-01,  1.7427e+00, -3.3564e-02,  1.1235e-01,
         -6.4398e-01, -1.3844e+00, -1.0524e+00, -1.1799e+00,  1.0028e+00,
          4.1176e-01,  1.3963e+00,  1.6800e-01,  4.4023e-01,  2.9958e-01,
         -6.9487e-01, -1.2412e+00, -7.8355e-02,  4.3137e-01, -7.3762e-01,
          1.8095e-01,  8.0377e-01,  3.5411e-01,  1.0996e+00, -1.0658e+00,
         -3.7865e-01, -2.6735e+00,  1.1537e+00,  1.9997e+00,  5.9804e-01,
          3.1574e-01,  1.4986e+00, -2.2789e+00,  4.8459e-01,  3.2562e-01,
          1.2581e+00, -1.3858e+00,  1.5647e+00,  9.4911e-01, -8.7614e-01,
         -4.3194e-02, -4.5828e-01, -6.4015e-01,  2.5866e-01, -9.0009e-01,
         -1.6743e+00, -4.0462e-01, -6.9543e-02, -5.2288e-02,  4.8768e-01,
          1.2191e+00, -9.4973e-02, -7.8530e-01, -4.2773e-01,  4.3936e-01,
          2.7506e-01, -5.3445e-01, -1.8588e+00, -2.0434e-01,  8.6045e-02,
          1.1522e-01, -3.6099e-01, -3.6553e-01,  5.0426e-03, -1.1510e+00,
         -2.6377e+00, -2.1048e+00, -8.8636e-01, -1.0692e+00, -1.2433e+00,
         -4.1929e-01, -3.9628e-01, -7.3169e-01,  2.4541e+00, -7.8098e-01,
         -3.2937e-02,  5.8749e-01,  4.5123e-01, -1.1601e+00, -2.1410e+00,
         -2.8604e-01, -3.2598e-01, -5.1331e-01, -1.2777e+00,  1.4656e-01,
          3.2893e-01,  5.5681e-01, -1.7570e+00,  6.5012e-01,  7.8748e-02,
         -6.5337e+00,  1.7637e+00,  2.5418e-01,  8.0354e-01,  1.7856e+00,
          5.9587e-01,  5.9535e-01,  1.5664e+00,  1.8003e-01,  1.8326e-01,
          1.3124e+00,  5.4648e-01,  6.8415e-01, -7.8132e-01,  7.5076e-01,
         -5.9362e-01,  8.0371e-01,  5.0138e-01,  8.2077e-02,  6.4131e-01,
         -3.1046e-01,  9.1758e-02, -1.0549e+00,  2.7186e-05,  1.2047e-01,
          1.4556e-01, -8.0386e-02, -1.4257e+00, -6.4803e-01, -2.4708e-01,
         -3.7848e-01, -7.2418e-02, -7.6694e-01,  5.0323e-01,  7.5929e-01,
         -1.1842e+00,  1.8243e+00, -1.3919e+00,  2.1194e-01, -5.4092e-02,
         -6.5180e-01,  6.4802e-01,  2.7339e-02,  9.5888e-02, -2.4486e+00,
         -7.1589e-01,  5.5177e-01,  3.5143e-01,  3.0352e-01,  1.4591e-01,
         -1.1768e+00,  9.1933e-01, -8.0046e-02,  1.0540e+00, -4.3620e-01,
          2.4553e-01, -2.5059e-01,  6.6260e-01, -4.4307e-01,  1.1059e+00,
         -1.4162e+00, -7.9099e-01,  3.0561e-01, -7.3303e-01,  3.6981e-01,
         -4.8660e-01, -5.9809e-01,  7.2423e-01, -1.0105e+00, -6.5741e-01,
         -1.7604e-01,  5.3499e-01,  1.2129e-01, -8.6183e-01, -1.4009e+00,
          1.3489e+00, -1.7810e+00, -1.0653e-01, -4.3506e-01,  6.4291e-01,
         -1.5153e-01,  6.2544e-02,  5.2476e-01,  2.8720e-01,  4.2120e-01,
          1.3003e+00,  2.1528e+00,  1.0882e+00,  7.1429e-01, -4.7999e-01,
         -3.3929e-01,  5.8563e-01, -3.8130e-01, -1.7829e-01, -1.4640e-01,
          1.7799e+00,  1.2202e-01,  7.1461e+00, -4.5969e-01, -1.3447e+00,
          1.8443e-01,  1.0858e+00,  6.3947e-01, -1.6996e+00, -8.5431e-01,
          8.6972e-01,  1.7612e+00, -8.6252e-01, -1.7285e+00,  5.3436e-01,
          3.0817e-01,  1.0847e+00,  5.1662e-01, -1.2429e+00, -7.0298e-01,
          5.9390e-01, -3.1718e-01,  4.4505e-01,  3.7486e-01, -1.2529e+00,
          2.9040e+00,  5.3239e-01, -9.1238e-01,  1.0489e+00, -9.9166e-02,
         -3.4093e-01, -2.8335e-01,  2.2511e-01, -7.4359e-01,  2.0544e+00,
          6.2798e-01, -7.0402e-01,  1.5673e-01, -1.3103e+00, -1.0225e+00,
          1.9566e+00, -1.1668e+00, -1.0838e+00,  8.7094e-01,  4.6435e-01,
         -1.0853e+00, -8.6142e-01,  1.0214e-01, -1.1522e+00, -1.7038e+00,
          1.6324e+00, -1.6382e-01, -1.6254e+00, -1.3780e+00,  1.6420e+00,
          2.8710e-01, -2.3139e+00, -3.6167e-01, -3.6833e-01, -6.0658e-01,
         -8.2096e-01, -2.0767e-01, -3.4862e-01, -5.5826e-01,  4.0585e-01,
         -1.0621e-01,  7.2870e-01,  2.9635e-01,  5.8958e-01, -5.0582e-01,
         -7.9369e-01, -4.0002e-01, -5.5235e-01,  7.7130e-02, -8.1774e-01,
          4.7010e-01, -3.5170e-01,  2.6809e-01,  5.6762e-01,  1.8562e+00,
          1.3218e-01,  2.2543e-01, -9.3179e-01, -5.1647e-02,  7.0866e-01,
         -3.9117e-01, -6.7152e-01, -8.4325e-01, -1.0532e+00, -1.5909e+00,
         -6.5591e-01, -6.4561e-01,  8.2155e-01,  9.6372e-01, -5.0532e-01,
          1.3265e+00, -1.3495e+00, -5.6343e-01, -1.8582e+00, -7.9659e-01,
          6.8232e-01, -3.2133e-01, -5.6524e-01,  5.8772e-01, -4.0526e-01,
          3.1864e-01, -2.4380e-01,  1.0407e+00,  1.1471e+00, -5.3555e-01,
          2.0573e-01,  7.0882e-02,  1.0756e+00, -1.9739e+00, -2.1013e-01,
          3.1220e-01, -5.6465e-01,  5.0042e-01,  3.3217e-01, -1.7766e+00,
         -1.3682e+00, -1.1791e-01,  4.8552e-01,  4.0156e-01, -1.0093e+00,
         -7.5788e-01, -4.7822e-01, -3.8949e-01,  7.8918e-01, -9.3070e-02,
          2.0953e-01,  4.9377e-01,  7.9637e-01,  2.3788e+00,  2.1573e-01,
          2.1339e+00, -5.9428e-01, -1.3222e+00,  3.8060e-01,  1.3852e+00,
          1.1638e-02, -1.7261e+00,  3.7339e-01,  3.7159e-01, -5.2832e-01,
          3.2258e-01, -8.7320e-01,  7.8395e-01, -9.0337e-01,  2.9327e-01,
          1.1348e+00,  8.7281e-01, -4.3471e-01, -3.7863e-02,  4.4818e-02,
          2.5157e-01, -5.3220e-01, -8.9715e-01,  1.1223e+00,  3.3943e-01,
          1.8489e+00,  7.2230e-01, -3.2982e-01, -1.1530e+00,  6.2788e-01,
          1.3375e+00, -6.7030e-01, -2.1156e-01,  6.6142e-01,  2.4921e-01,
         -9.0584e-02,  2.6568e-01,  1.2387e+00,  4.4657e-01,  7.7408e-01,
         -4.9598e-01,  1.2226e-01,  2.4085e-01,  7.0421e-02,  1.7111e+00,
          1.0319e+00,  3.6677e-01, -6.1156e-01, -5.0834e-01, -2.4884e-01,
         -1.3122e+00,  9.1102e-01,  5.5979e-01,  2.2511e+00, -1.3572e-01,
         -5.9095e-01,  9.2659e-01,  1.4250e-01, -3.4801e-01, -1.4854e+00,
          3.2548e-01,  7.5837e-01,  1.4920e+00,  7.0620e-01, -1.4418e+00,
          1.9879e+00,  1.2574e+00, -8.1988e-01, -1.1745e-01, -1.8963e-01,
         -6.9840e-02, -1.7316e+00, -9.6517e-01, -1.9109e+00,  1.9541e-01,
          7.8104e-01,  4.9984e-01, -7.7099e-01, -6.1469e-01, -1.1518e+00,
          2.0417e+00,  1.1074e+00, -8.0410e-02, -8.3754e-02,  1.2611e+00,
         -2.4453e+00,  4.2225e-01,  2.9493e-01,  9.3629e-02, -1.5800e+00,
          1.4556e+00, -1.8413e-01, -1.3476e+00,  2.5196e+00,  7.6720e-01,
          1.4544e+00,  4.9371e-02, -5.6904e-01, -3.9508e-01, -7.2851e-02,
          2.1261e-01, -8.3719e-01, -4.6908e-01, -1.4885e+00,  1.3397e-01,
          7.6306e-02,  3.6283e-01, -3.2184e-01, -1.9892e-01, -7.7103e-02,
         -8.2653e-01, -1.5396e+00, -1.1088e+00,  6.1670e-01, -4.2881e-01,
          1.9233e+00,  9.6796e-01,  6.2762e-02, -4.4275e-01,  3.2598e-02,
         -1.7070e+00,  4.8910e-01, -2.8725e-01, -7.7203e-01, -1.8821e-01,
          5.7333e-01,  5.8462e-01, -1.5657e-01, -8.6843e-01,  2.0179e-01,
         -3.0017e+00, -5.6534e-01,  2.7663e+00, -1.0186e+00, -2.8143e-01,
         -4.5156e-01,  1.3232e+00, -2.9157e-01, -1.1031e+00, -8.5895e-01,
         -1.1296e+00,  1.8082e-01,  1.9564e+00, -1.5375e-01, -3.2313e-01,
         -3.0220e-01,  1.2626e-02, -1.6771e-01, -3.9807e-01, -1.0078e+00,
          3.7326e-01, -9.7866e-02,  2.8129e-02, -1.2459e+00,  2.1673e-01,
          1.0959e+00,  6.3507e-01, -5.7078e-01,  7.9345e-01,  1.0260e+00,
          9.8902e-01,  5.7496e-01, -8.2778e-01,  7.9985e-01,  7.8889e-01,
          2.6733e-01,  5.3360e-01,  6.7240e-01,  1.3119e+00, -1.3057e-01,
         -4.3616e-01,  5.6382e-01,  1.1581e+00, -1.4427e-01,  9.4998e-01,
          1.6095e+00,  1.6207e-01, -7.6997e-01, -2.9624e-01, -9.2916e-01,
         -9.7079e-03,  2.8398e-01,  7.5564e-01,  5.1676e-01, -1.2591e+00,
          7.8211e-01, -5.0661e-01, -9.7162e-02,  3.6477e-01, -7.9529e-01,
         -3.4603e-02, -1.0294e-01, -7.4781e-01,  1.1156e+00,  4.6607e-01,
          2.0796e+00, -2.5680e-01,  1.6207e-01,  1.5441e-01, -3.8408e-01,
         -2.6413e-01, -4.2460e-01, -5.6279e-01, -2.4727e-01,  3.7855e-02,
         -1.5303e-01, -6.0234e-01, -1.6558e-01,  1.0182e+00,  4.8639e-01,
          9.2340e-02, -9.2940e-01, -8.4951e-01, -1.0263e+00,  2.4172e-01,
          6.2843e-01, -4.9346e-01, -9.1470e-01,  2.5623e-01,  2.5227e-01,
         -9.8633e-01,  7.6491e-02,  7.0943e-01,  1.5127e+00, -1.0152e+00,
         -1.0147e-01,  1.2528e+00,  2.5564e-01, -1.1712e-01, -1.5423e-01,
          1.2575e-01, -5.5326e-01,  3.4208e-03, -5.5105e-01,  4.1174e-01,
         -9.3208e-02, -7.9899e-01,  6.3110e-01,  9.7726e-02,  8.8437e-02,
         -1.0861e+00, -1.0195e+00, -1.4303e+00,  3.9231e-01,  1.0922e+00,
          1.1311e+00, -1.1212e+00, -2.3227e-01,  1.7570e+00,  3.2298e-01,
          8.3763e-01,  8.8920e-01,  7.7011e-01, -1.5120e+00,  7.2268e-01,
         -2.1218e+00,  1.1205e+00,  2.0144e+00, -6.6345e-01,  2.2046e+00,
         -9.9541e-01, -1.0729e+00,  1.0321e+00, -2.2873e+00, -1.9445e-01,
          1.2040e+00,  2.2630e+00,  2.9304e+00,  5.2973e-01,  3.9468e-01,
         -2.0076e+00,  4.6735e-01, -6.8863e-01,  7.4532e-01,  3.1080e-01,
         -6.5876e-01,  5.2625e-01, -2.7036e+00, -7.3303e-01,  1.7109e+00,
         -1.7736e+00,  1.0213e+00,  1.6307e-02,  1.7214e-01,  1.4650e+00,
         -2.7378e+00,  8.3038e-01, -1.0821e+00, -4.2099e-01, -2.6985e-01,
         -1.4417e+00, -1.5068e+00, -4.4379e-01,  3.7951e-02, -2.1425e-01,
          1.6652e+00, -2.3001e+00,  2.5152e-01,  5.9673e-01, -5.8996e-02,
          2.9549e-02,  5.0051e-01, -7.4729e-01, -8.8647e-01,  9.3652e-01,
          6.1868e-01,  1.3956e+00,  2.6117e-01, -1.4173e+00, -3.4451e-01,
         -5.2113e-01, -7.1764e-01, -2.9069e-01,  1.6286e-01, -2.8868e-01,
         -1.0567e+00, -6.5875e-01, -1.6427e-01, -2.4016e+00, -4.9286e-01,
         -1.7029e-01,  9.2031e-01,  2.1650e-01, -8.9027e-01, -7.7862e-02,
         -3.3151e-01,  4.2913e-01, -1.4375e+00,  2.2084e-01, -1.3559e-01,
          9.4570e-01, -9.3096e-02, -8.0478e-01,  5.8344e-01, -1.3563e-01,
         -2.3484e-01, -1.8949e+00, -3.3339e-01, -1.1158e-01, -1.6404e-01,
         -1.6758e-01,  6.0250e-02, -1.7946e+00,  6.2329e-01,  1.1894e+00,
          1.6556e-01,  2.5779e-01,  1.0291e+00,  6.2819e-01, -2.5264e-01,
          6.5507e-01,  2.8781e-01,  5.8067e-02, -4.7236e-01,  1.2682e-01,
          3.6247e-02, -9.6792e-01,  5.9774e-01,  3.9131e-01,  1.4611e+00,
          3.1853e-01, -7.3402e-01,  6.7738e-03, -9.6653e-01, -5.0747e-01,
         -1.0456e-01,  9.4583e-01,  6.0907e-01,  2.0233e-01, -7.6667e-02,
          6.6091e-01, -1.9531e-01, -6.7634e-01,  3.0760e-01, -4.9053e-01,
         -7.4429e-01, -3.2696e-01, -5.3660e-02, -3.2598e-01, -3.4547e-01,
         -8.8804e-01,  1.3561e+00,  5.6514e-02,  5.8499e-01, -8.6874e-01,
          4.5697e-01,  1.8220e-01, -9.3309e-01, -6.6384e-01,  3.6960e-01,
          1.1796e+00,  9.2555e-01,  1.4139e+00,  1.8621e-01, -8.9708e-01,
          1.2727e+00,  1.6727e-01,  1.5073e+00, -1.4153e-02, -1.5451e-01,
         -4.8976e-01,  1.3390e+00, -4.1292e-01,  1.2954e+00,  6.8589e-02,
         -2.4056e-01,  6.8193e-01,  5.7585e-01,  5.3363e-01,  7.3527e-01,
          6.1573e-01, -6.1046e-01,  7.0476e-01, -1.4533e-01, -1.1724e-01,
          8.7756e-01,  1.6330e+00,  1.8273e-01,  6.6791e-01,  1.0202e+00,
          4.8402e-02,  1.5252e+00,  7.4185e-01,  2.9047e-02,  4.0475e-01,
          3.6255e-01, -4.8375e-01, -1.1060e+00,  2.5107e+00,  8.8020e-01,
          2.6405e-01,  1.8092e+00, -8.8878e-02,  3.4977e-01,  1.4651e-01,
          1.0709e+00, -5.9085e-01,  2.2100e-01]])","tensor([[-1.5751e-01,  6.1385e-01, -9.1234e-01,  7.6442e-02,  9.7841e-01,
         -6.5865e-01, -5.4056e-01, -2.7581e+00, -1.1523e+00,  9.7268e-01,
          5.3949e-02,  9.3725e-01,  1.6492e+00, -1.9999e-01,  1.4196e-01,
         -7.3747e-01, -1.2143e+00, -1.1156e+00, -1.0317e+00,  9.5320e-01,
          3.3723e-01,  1.3106e+00,  1.3641e-01,  3.6343e-01,  3.7721e-01,
         -7.4437e-01, -1.2519e+00, -1.5539e-01,  4.2634e-01, -6.6764e-01,
          1.6796e-01,  7.5645e-01,  4.3220e-01,  9.9660e-01, -1.1202e+00,
         -2.3626e-01, -2.6693e+00,  1.0491e+00,  1.9028e+00,  5.6832e-01,
          1.6872e-01,  1.4902e+00, -2.0849e+00,  4.9477e-01,  2.3122e-01,
          1.2480e+00, -1.2456e+00,  1.7217e+00,  9.4004e-01, -9.4822e-01,
         -1.0867e-01, -5.1680e-01, -5.0299e-01,  2.2760e-01, -9.0145e-01,
         -1.6576e+00, -3.7842e-01, -9.2523e-02,  1.7590e-02,  5.5042e-01,
          1.1990e+00, -2.4077e-02, -6.9288e-01, -2.4836e-01,  5.0413e-01,
          2.8064e-01, -5.3500e-01, -1.7140e+00, -1.8902e-01,  3.7006e-02,
          9.1068e-02, -3.3998e-01, -3.8603e-01,  5.3337e-03, -1.2185e+00,
         -2.7695e+00, -2.0789e+00, -8.1251e-01, -1.0411e+00, -1.3069e+00,
         -3.7675e-01, -3.3359e-01, -7.5656e-01,  2.3057e+00, -7.5889e-01,
         -3.5110e-03,  5.5116e-01,  5.9093e-01, -1.2212e+00, -2.0381e+00,
         -2.6798e-01, -1.6158e-01, -5.0490e-01, -1.1219e+00,  1.9384e-01,
          3.2160e-01,  6.2043e-01, -1.7844e+00,  6.5729e-01,  1.0127e-01,
         -7.8637e+00,  1.7456e+00,  2.8660e-01,  7.4166e-01,  1.6393e+00,
          5.1858e-01,  6.5806e-01,  1.5521e+00,  3.1441e-02,  1.1436e-01,
          1.2606e+00,  6.3756e-01,  7.8155e-01, -8.9272e-01,  4.8110e-01,
         -4.7743e-01,  6.6253e-01,  5.4956e-01,  4.4634e-02,  4.5262e-01,
         -1.7335e-01, -2.3668e-02, -1.0949e+00,  7.3259e-02,  6.7994e-02,
          1.2952e-01, -2.8848e-02, -1.3593e+00, -6.7440e-01, -2.5302e-01,
         -3.2362e-01, -6.7038e-02, -8.0923e-01,  5.0682e-01,  6.7527e-01,
         -1.2132e+00,  1.7819e+00, -1.2896e+00,  1.6539e-01,  1.1235e-01,
         -6.6015e-01,  6.6931e-01,  1.2619e-01,  2.0541e-01, -2.4249e+00,
         -7.3411e-01,  5.4274e-01,  2.5851e-01,  3.5683e-01,  9.9421e-02,
         -1.1480e+00,  8.1444e-01, -2.0273e-01,  9.6203e-01, -5.6955e-01,
          3.1721e-01, -2.6520e-01,  6.4636e-01, -4.2243e-01,  1.0380e+00,
         -1.4442e+00, -7.6407e-01,  1.9121e-01, -6.3084e-01,  4.5232e-01,
         -4.6951e-01, -5.4133e-01,  6.6996e-01, -9.3924e-01, -6.4771e-01,
         -2.4902e-01,  5.3529e-01, -3.6823e-02, -9.0088e-01, -1.3467e+00,
          1.4351e+00, -1.7427e+00, -1.1473e-01, -3.0076e-01,  7.1896e-01,
         -2.0811e-01,  1.4037e-01,  4.3249e-01,  3.3273e-01,  4.5729e-01,
          1.0848e+00,  2.1600e+00,  1.0623e+00,  8.2271e-01, -4.9770e-01,
         -2.1093e-01,  6.3575e-01, -3.1921e-01, -2.2922e-01, -1.7461e-01,
          1.8794e+00,  1.6963e-01,  8.2695e+00, -4.6047e-01, -1.1830e+00,
          1.0560e-01,  1.1267e+00,  6.0292e-01, -1.7643e+00, -9.1691e-01,
          7.6328e-01,  1.5136e+00, -8.6865e-01, -1.5589e+00,  5.9452e-01,
          2.6770e-01,  9.1717e-01,  4.1036e-01, -1.0999e+00, -6.8678e-01,
          5.9849e-01, -1.3608e-01,  4.3051e-01,  3.9853e-01, -1.2756e+00,
          2.8388e+00,  5.4058e-01, -8.6571e-01,  1.1251e+00, -1.3785e-02,
         -2.9762e-01, -3.2054e-01,  2.1722e-01, -8.5049e-01,  1.9848e+00,
          7.1374e-01, -6.8424e-01,  2.2622e-01, -1.2078e+00, -1.0401e+00,
          1.8633e+00, -1.1602e+00, -1.1167e+00,  9.2504e-01,  4.9090e-01,
         -1.0466e+00, -8.9979e-01,  1.4391e-01, -1.0590e+00, -1.6951e+00,
          1.6623e+00, -1.8382e-01, -1.5626e+00, -1.4010e+00,  1.5872e+00,
          1.9567e-01, -2.2709e+00, -2.4920e-01, -3.8133e-01, -5.5891e-01,
         -7.0201e-01, -1.2882e-01, -1.1760e-01, -3.3382e-01,  4.9892e-01,
         -3.2589e-05,  7.6900e-01,  3.8702e-01,  6.8191e-01, -3.3635e-01,
         -7.3985e-01, -4.1158e-01, -5.2471e-01,  8.5206e-02, -7.8525e-01,
          4.5483e-01, -2.8961e-01,  1.7153e-01,  6.4861e-01,  1.8573e+00,
          2.0092e-01,  2.0735e-01, -8.9209e-01, -1.1788e-01,  6.7384e-01,
         -3.7411e-01, -6.6967e-01, -8.2850e-01, -1.0098e+00, -1.5588e+00,
         -5.4965e-01, -5.9021e-01,  8.4783e-01,  1.0786e+00, -4.5590e-01,
          1.2724e+00, -1.2950e+00, -3.4184e-01, -1.7911e+00, -7.9559e-01,
          7.3234e-01, -2.9313e-01, -6.4306e-01,  6.2920e-01, -4.3563e-01,
          2.6831e-01, -3.3924e-01,  1.0367e+00,  1.1707e+00, -5.0195e-01,
          2.4312e-01,  1.3590e-01,  9.3746e-01, -1.8906e+00, -1.3923e-01,
          2.6685e-01, -6.1438e-01,  4.6346e-01,  4.1854e-01, -2.5008e+00,
         -1.4518e+00, -2.2841e-01,  4.7607e-01,  3.1392e-01, -1.0891e+00,
         -7.9390e-01, -4.5075e-01, -3.1839e-01,  7.9256e-01, -1.4518e-01,
          3.1051e-01,  5.2120e-01,  8.4641e-01,  2.2334e+00,  1.8418e-01,
          2.0050e+00, -6.3832e-01, -1.2797e+00,  2.8298e-01,  1.3588e+00,
         -1.5174e-01, -1.6744e+00,  4.0938e-01,  4.2305e-01, -4.5274e-01,
          1.9976e-01, -9.9427e-01,  7.4624e-01, -8.0664e-01,  4.5253e-01,
          1.0197e+00,  8.1565e-01, -3.9840e-01, -4.3034e-02,  1.0155e-01,
          2.7917e-01, -5.6658e-01, -8.3587e-01,  9.9256e-01,  2.9035e-01,
          1.8250e+00,  6.2293e-01, -3.0299e-01, -1.1503e+00,  5.1918e-01,
          1.3068e+00, -5.2291e-01, -2.3053e-01,  5.3174e-01,  2.6070e-01,
         -6.5265e-02,  3.5549e-01,  1.1705e+00,  4.1731e-01,  8.8302e-01,
         -5.0352e-01,  1.8609e-01,  1.6506e-01,  1.1758e-01,  1.7070e+00,
          9.8789e-01,  4.5173e-01, -5.1809e-01, -4.1846e-01, -3.1124e-01,
         -1.3166e+00,  9.9620e-01,  6.5278e-01,  2.0626e+00, -1.3139e-02,
         -5.4163e-01,  1.0105e+00,  2.8543e-01, -2.5605e-01, -1.3580e+00,
          3.7008e-01,  6.3474e-01,  1.3376e+00,  5.8450e-01, -1.4347e+00,
          1.8598e+00,  1.3064e+00, -8.3801e-01, -2.7215e-01, -3.5425e-01,
         -1.6023e-01, -1.4804e+00, -9.1257e-01, -1.8076e+00,  1.4746e-01,
          6.8800e-01,  5.8562e-01, -8.3997e-01, -5.6915e-01, -1.1254e+00,
          1.9521e+00,  1.0016e+00, -2.5600e-01, -3.9656e-02,  1.1768e+00,
         -2.3986e+00,  4.8657e-01,  3.2556e-01,  1.2514e-01, -1.5093e+00,
          1.4162e+00, -2.2002e-01, -1.3675e+00,  2.3539e+00,  7.5002e-01,
          1.3780e+00,  4.3199e-02, -4.9531e-01, -3.8714e-01, -5.6564e-02,
          2.4522e-01, -6.9442e-01, -4.6440e-01, -1.3792e+00,  2.0235e-01,
          1.1885e-01,  2.6505e-01, -3.7920e-01, -6.5225e-02, -1.1344e-03,
         -7.4319e-01, -1.4825e+00, -1.0066e+00,  6.2409e-01, -4.7009e-01,
          1.9029e+00,  8.7154e-01,  1.2968e-01, -5.2753e-01,  1.4047e-02,
         -1.6472e+00,  4.7476e-01, -2.7119e-01, -7.7285e-01, -2.1372e-01,
          5.1491e-01,  6.6498e-01, -1.1055e-01, -9.2492e-01,  2.9695e-01,
         -2.8288e+00, -3.9238e-01,  2.6517e+00, -9.5506e-01, -1.9851e-01,
         -3.7184e-01,  1.3574e+00, -3.5293e-01, -1.1090e+00, -9.6275e-01,
         -1.0357e+00,  1.4338e-01,  1.9219e+00, -2.9897e-01, -3.1275e-01,
         -3.3111e-01, -3.7713e-02, -1.2426e-01, -3.9207e-01, -9.7757e-01,
          4.2208e-01, -8.5063e-02,  1.4513e-02, -1.1653e+00,  2.0656e-01,
          9.8441e-01,  5.6069e-01, -5.4588e-01,  5.5477e-01,  9.7481e-01,
          8.9759e-01,  6.1409e-01, -7.8029e-01,  7.4735e-01,  7.3642e-01,
          2.5734e-01,  5.2711e-01,  5.3379e-01,  1.3884e+00, -1.3287e-01,
         -3.6682e-01,  5.3151e-01,  1.1309e+00, -2.7114e-02,  9.4124e-01,
          1.5386e+00,  3.3325e-01, -8.1673e-01, -1.3284e-01, -9.3624e-01,
         -6.2510e-02,  2.9267e-01,  7.1209e-01,  5.6029e-01, -1.3232e+00,
          7.3590e-01, -5.6618e-01, -5.2918e-02,  3.6559e-01, -8.9499e-01,
          2.3109e-02, -4.9078e-02, -6.5352e-01,  9.9312e-01,  3.3998e-01,
          1.9338e+00, -1.8607e-01,  1.3750e-01,  8.0304e-02, -4.4070e-01,
         -1.1312e-01, -4.4016e-01, -4.6277e-01, -8.0683e-02,  1.7321e-01,
         -1.7843e-01, -7.6922e-01, -2.4677e-01,  8.9197e-01,  3.3819e-01,
          1.6468e-02, -8.7278e-01, -9.1318e-01, -1.0049e+00,  3.0845e-01,
          5.9842e-01, -5.4151e-01, -9.1229e-01,  2.2847e-01,  1.1885e-01,
         -9.1040e-01, -4.2216e-02,  7.1508e-01,  1.5169e+00, -8.3546e-01,
         -1.1602e-01,  1.2802e+00,  2.7858e-01, -2.2460e-01, -2.5053e-01,
          7.7741e-02, -5.3202e-01, -1.2298e-01, -5.1176e-01,  4.6010e-01,
         -9.9183e-02, -7.2374e-01,  6.4545e-01,  1.6862e-01,  2.8700e-02,
         -1.0025e+00, -9.1535e-01, -1.4051e+00,  2.9371e-01,  1.1072e+00,
          1.0192e+00, -1.0428e+00, -2.0728e-01,  1.6832e+00,  2.6859e-01,
          8.1383e-01,  8.5293e-01,  7.3554e-01, -1.4660e+00,  7.4380e-01,
         -1.9663e+00,  1.1577e+00,  1.9303e+00, -6.9434e-01,  2.0493e+00,
         -9.6405e-01, -1.0759e+00,  9.3205e-01, -2.3585e+00, -2.5817e-01,
          1.0331e+00,  2.1537e+00,  2.6442e+00,  5.1884e-01,  3.0395e-01,
         -1.9471e+00,  3.9928e-01, -7.5684e-01,  8.0990e-01,  3.0996e-01,
         -6.8264e-01,  4.6691e-01, -2.6543e+00, -8.4756e-01,  1.6397e+00,
         -1.7828e+00,  9.6392e-01, -1.7038e-01,  2.5110e-01,  1.4034e+00,
         -2.6798e+00,  9.8380e-01, -1.0292e+00, -3.3247e-01, -2.6148e-01,
         -1.4635e+00, -1.3691e+00, -6.0279e-01, -3.3548e-02, -2.8332e-01,
          1.5792e+00, -2.2672e+00,  2.4615e-01,  7.5286e-01, -1.0190e-01,
          3.0738e-02,  6.0059e-01, -6.6872e-01, -9.8633e-01,  8.2502e-01,
          5.8472e-01,  1.3599e+00,  1.6931e-01, -1.3468e+00, -3.7095e-01,
         -3.8312e-01, -6.5196e-01, -1.5504e-01,  8.5670e-02, -3.1596e-01,
         -1.0027e+00, -6.8810e-01, -1.5525e-01, -2.2750e+00, -4.9106e-01,
         -8.1666e-03,  9.0305e-01,  1.6301e-01, -9.6330e-01, -5.6197e-02,
         -3.2207e-01,  2.8039e-01, -1.4532e+00,  1.4335e-01, -7.8792e-02,
          8.7945e-01, -1.9547e-02, -7.7019e-01,  6.9902e-01, -1.6512e-02,
         -1.7923e-01, -1.8936e+00, -3.2749e-01, -3.4019e-02, -2.5787e-01,
         -2.0439e-01,  9.6692e-02, -1.6489e+00,  5.7946e-01,  1.3107e+00,
          2.0113e-01,  3.4132e-01,  1.1933e+00,  6.8591e-01, -3.1347e-01,
          7.7537e-01,  3.0108e-01,  1.0320e-02, -4.2062e-01,  3.9112e-02,
         -4.1459e-02, -9.3235e-01,  7.8621e-01,  4.9882e-01,  1.3488e+00,
          4.4119e-01, -8.6136e-01, -6.9612e-02, -9.8599e-01, -3.3399e-01,
         -1.5799e-01,  9.9792e-01,  6.0740e-01,  2.3148e-01, -2.2460e-01,
          7.7062e-01, -1.2657e-01, -7.1257e-01,  2.5742e-01, -3.5601e-01,
         -6.2257e-01, -2.9335e-01,  1.8408e-02, -2.8851e-01, -4.4323e-01,
         -9.7550e-01,  1.2310e+00,  2.9183e-02,  5.3827e-01, -8.0809e-01,
          4.3036e-01,  2.5815e-01, -8.9932e-01, -5.7872e-01,  4.5301e-01,
          1.1207e+00,  8.7100e-01,  1.2479e+00,  1.2511e-01, -8.8083e-01,
          1.2922e+00,  1.9549e-01,  1.4150e+00,  3.4097e-02, -1.7427e-01,
         -4.5574e-01,  1.2172e+00, -4.6312e-01,  1.2508e+00, -4.3261e-02,
         -3.2974e-01,  6.1912e-01,  6.1220e-01,  4.4359e-01,  5.4596e-01,
          6.7076e-01, -5.3824e-01,  7.2253e-01, -6.6489e-02, -1.2004e-01,
          9.0738e-01,  1.5916e+00,  1.4131e-01,  6.4044e-01,  9.1549e-01,
         -1.4875e-01,  1.3945e+00,  7.0460e-01,  1.2422e-01,  3.7533e-01,
          3.8249e-01, -5.8416e-01, -1.0934e+00,  2.4740e+00,  8.1138e-01,
          2.0962e-01,  1.8382e+00, -2.1517e-01,  4.0840e-01,  1.8988e-01,
          1.1490e+00, -5.2647e-01,  1.9867e-01]])","tensor([[-4.8139e-02,  5.8434e-01, -8.7618e-01,  1.8447e-02,  8.9573e-01,
         -5.4945e-01, -5.4027e-01, -2.5588e+00, -1.0733e+00,  9.5110e-01,
          6.0405e-02,  1.0134e+00,  1.4959e+00, -2.0536e-01,  1.2707e-01,
         -7.9031e-01, -1.0861e+00, -1.1170e+00, -7.8903e-01,  8.9603e-01,
          3.3218e-01,  1.1879e+00,  7.3291e-03,  2.4312e-01,  3.4845e-01,
         -7.9208e-01, -1.2632e+00, -2.3947e-01,  4.2578e-01, -7.1281e-01,
          2.4282e-01,  7.1361e-01,  3.9921e-01,  9.1631e-01, -1.1001e+00,
         -1.7173e-01, -2.6381e+00,  9.8517e-01,  1.7673e+00,  4.2988e-01,
          1.8867e-01,  1.4426e+00, -1.9119e+00,  4.8139e-01,  1.2119e-01,
          1.1850e+00, -1.1917e+00,  1.6364e+00,  9.0535e-01, -9.3819e-01,
         -1.4178e-01, -4.8399e-01, -4.1015e-01,  2.3138e-01, -8.6522e-01,
         -1.6101e+00, -3.3081e-01, -1.1501e-01, -8.2517e-02,  5.7565e-01,
          1.1715e+00, -6.3706e-03, -6.4696e-01, -2.1735e-01,  4.9208e-01,
          2.1475e-01, -5.5456e-01, -1.5167e+00, -2.2033e-01,  2.8223e-02,
          8.7039e-02, -3.3217e-01, -4.4341e-01, -1.9274e-02, -1.1401e+00,
         -2.7920e+00, -1.9449e+00, -7.3720e-01, -1.0770e+00, -1.2690e+00,
         -2.9580e-01, -1.6954e-01, -7.2838e-01,  2.0946e+00, -6.3134e-01,
          7.1094e-02,  4.3663e-01,  6.0708e-01, -1.2022e+00, -1.9223e+00,
         -2.7127e-01, -1.1145e-01, -4.8043e-01, -1.0272e+00,  2.8587e-01,
          3.2176e-01,  6.5939e-01, -1.7447e+00,  6.5239e-01,  1.8658e-01,
         -9.3202e+00,  1.7118e+00,  2.0991e-01,  7.4747e-01,  1.5616e+00,
          5.5240e-01,  7.8296e-01,  1.6419e+00, -6.1413e-02,  1.9888e-01,
          1.1440e+00,  5.7793e-01,  6.7969e-01, -8.8030e-01,  3.5091e-01,
         -4.0878e-01,  5.7534e-01,  6.2004e-01,  4.5818e-02,  4.8589e-01,
         -1.3787e-01, -1.0532e-01, -1.1281e+00,  6.8987e-02,  5.1803e-02,
          1.6386e-01, -2.2905e-02, -1.2636e+00, -6.7329e-01, -2.5316e-01,
         -3.2383e-01, -6.6605e-02, -7.6547e-01,  4.7183e-01,  5.9978e-01,
         -1.1740e+00,  1.7852e+00, -1.2864e+00,  1.8029e-01,  7.4084e-02,
         -6.2040e-01,  6.3283e-01,  1.3508e-01,  1.5480e-01, -2.3209e+00,
         -6.7635e-01,  3.9123e-01,  1.3420e-01,  4.1370e-01,  9.3204e-02,
         -1.0680e+00,  7.9219e-01, -1.7045e-01,  1.0302e+00, -6.3138e-01,
          3.5259e-01, -1.5129e-01,  5.7165e-01, -4.2047e-01,  1.0083e+00,
         -1.4051e+00, -7.0606e-01,  1.1896e-01, -5.1833e-01,  4.6479e-01,
         -5.0268e-01, -4.7609e-01,  6.4784e-01, -8.6172e-01, -5.3559e-01,
         -1.6094e-01,  6.1649e-01, -5.3621e-02, -8.8977e-01, -1.3418e+00,
          1.4401e+00, -1.6659e+00, -1.2190e-01, -2.2123e-01,  7.2693e-01,
         -2.6594e-01,  1.5511e-01,  3.1923e-01,  4.5082e-01,  4.5172e-01,
          9.6155e-01,  2.0395e+00,  1.0093e+00,  8.0649e-01, -5.0310e-01,
         -1.3315e-01,  7.3094e-01, -3.5040e-01, -2.7373e-01, -2.5123e-01,
          1.7908e+00,  1.5117e-01,  9.6055e+00, -4.7484e-01, -1.0290e+00,
          1.8990e-01,  1.0401e+00,  6.1744e-01, -1.6516e+00, -8.9165e-01,
          7.2076e-01,  1.3544e+00, -8.2851e-01, -1.4718e+00,  6.7804e-01,
          2.8580e-01,  7.9920e-01,  3.4417e-01, -9.4368e-01, -6.9463e-01,
          5.5807e-01, -9.2552e-02,  3.5966e-01,  4.2173e-01, -1.2148e+00,
          2.6656e+00,  5.5523e-01, -8.4893e-01,  9.7581e-01,  7.7961e-02,
         -2.5931e-01, -3.1135e-01,  2.4470e-01, -8.5578e-01,  1.9333e+00,
          6.5277e-01, -6.4916e-01,  2.8698e-01, -1.0168e+00, -1.0575e+00,
          1.7373e+00, -1.1439e+00, -1.0944e+00,  9.2625e-01,  4.7919e-01,
         -9.9503e-01, -8.6802e-01,  1.7002e-01, -9.4409e-01, -1.6009e+00,
          1.5297e+00, -2.2639e-01, -1.5076e+00, -1.3253e+00,  1.5317e+00,
          1.9069e-01, -2.1669e+00, -1.7942e-01, -3.3432e-01, -5.7545e-01,
         -6.4911e-01, -1.2093e-01, -1.2073e-01, -3.4846e-01,  4.9198e-01,
          2.1100e-01,  6.6919e-01,  3.9013e-01,  7.2705e-01, -2.9743e-01,
         -5.8283e-01, -4.0573e-01, -4.5038e-01,  3.0369e-02, -8.1579e-01,
          3.8365e-01, -2.8567e-01,  1.4413e-01,  7.2257e-01,  1.7574e+00,
          2.1874e-01,  1.9749e-01, -7.5762e-01, -1.3687e-01,  6.6027e-01,
         -3.2853e-01, -5.6177e-01, -7.7849e-01, -9.1940e-01, -1.4873e+00,
         -4.6683e-01, -6.0278e-01,  8.3464e-01,  1.1087e+00, -3.7840e-01,
          1.3041e+00, -1.2168e+00, -1.8906e-01, -1.7070e+00, -7.8197e-01,
          6.6064e-01, -1.9471e-01, -7.0724e-01,  6.4580e-01, -4.6811e-01,
          2.7161e-01, -3.5315e-01,  9.1482e-01,  1.1960e+00, -5.0965e-01,
          1.8949e-01,  2.2704e-01,  8.2574e-01, -1.8405e+00, -1.1300e-01,
          1.8494e-01, -6.0559e-01,  4.6239e-01,  4.4025e-01, -2.9450e+00,
         -1.4540e+00, -2.8229e-01,  5.0603e-01,  1.5459e-01, -1.0649e+00,
         -7.6818e-01, -5.0217e-01, -2.6054e-01,  7.2875e-01, -1.0262e-01,
          3.6928e-01,  5.5231e-01,  9.4370e-01,  2.0622e+00,  1.8377e-01,
          1.7580e+00, -5.5370e-01, -1.2719e+00,  3.3065e-01,  1.3644e+00,
         -2.2898e-01, -1.6373e+00,  4.4478e-01,  5.1807e-01, -3.9365e-01,
          2.4450e-01, -8.9121e-01,  7.1965e-01, -7.7096e-01,  5.5385e-01,
          9.1382e-01,  6.7247e-01, -4.8129e-01, -5.9675e-02,  8.2703e-02,
          3.2128e-01, -5.8956e-01, -7.8815e-01,  9.6377e-01,  2.7362e-01,
          1.8724e+00,  4.9081e-01, -2.8659e-01, -1.0971e+00,  5.4246e-01,
          1.2422e+00, -4.6031e-01, -2.5195e-01,  4.0564e-01,  2.6362e-01,
         -9.1944e-02,  4.1996e-01,  1.0484e+00,  3.6360e-01,  8.4951e-01,
         -4.4231e-01,  1.6768e-01,  1.8359e-01,  1.9838e-01,  1.6431e+00,
          9.6895e-01,  5.4019e-01, -4.2215e-01, -3.5695e-01, -3.2509e-01,
         -1.3176e+00,  9.1509e-01,  6.7706e-01,  1.9226e+00,  2.2825e-02,
         -5.4329e-01,  1.0456e+00,  4.0585e-01, -2.3736e-01, -1.2047e+00,
          3.2503e-01,  6.4546e-01,  1.2952e+00,  4.7192e-01, -1.3682e+00,
          1.7100e+00,  1.2233e+00, -7.6845e-01, -2.0699e-01, -4.6188e-01,
         -2.5056e-01, -1.3184e+00, -8.4058e-01, -1.7853e+00,  1.4214e-01,
          7.2367e-01,  5.2736e-01, -8.2175e-01, -5.0219e-01, -9.4571e-01,
          1.8729e+00,  8.2689e-01, -3.7850e-01, -6.0401e-02,  1.1626e+00,
         -2.2528e+00,  5.1392e-01,  3.3576e-01,  1.5616e-01, -1.4644e+00,
          1.3953e+00, -2.0055e-01, -1.3416e+00,  2.2095e+00,  7.1455e-01,
          1.3008e+00,  7.6101e-02, -4.9491e-01, -4.3896e-01,  2.4822e-02,
          2.8601e-01, -6.0704e-01, -3.8995e-01, -1.3019e+00,  2.3882e-01,
          9.1221e-02,  2.0587e-01, -4.9267e-01, -9.3458e-02,  6.5318e-02,
         -6.7219e-01, -1.4567e+00, -9.3880e-01,  6.0863e-01, -6.0267e-01,
          1.8297e+00,  8.8401e-01,  1.7370e-01, -5.7218e-01, -3.4574e-02,
         -1.6082e+00,  4.6141e-01, -1.2218e-01, -8.0401e-01, -1.3593e-01,
          4.7588e-01,  7.3011e-01, -1.8982e-01, -8.5775e-01,  3.3508e-01,
         -2.6807e+00, -3.5775e-01,  2.4048e+00, -9.5175e-01, -1.6341e-01,
         -2.6812e-01,  1.3667e+00, -3.2218e-01, -1.0371e+00, -1.1286e+00,
         -1.0341e+00,  6.8415e-02,  1.7709e+00, -2.4521e-01, -3.6705e-01,
         -3.5234e-01, -5.0518e-02, -1.8299e-01, -3.8496e-01, -8.8598e-01,
          4.1196e-01, -9.5324e-02, -1.0842e-01, -1.1212e+00,  2.5088e-01,
          9.0565e-01,  5.7197e-01, -5.2207e-01,  3.8378e-01,  8.9724e-01,
          9.3823e-01,  5.8464e-01, -7.9275e-01,  7.7837e-01,  7.3070e-01,
          2.1508e-01,  4.8532e-01,  3.5104e-01,  1.4729e+00, -1.2452e-01,
         -3.2110e-01,  5.8366e-01,  1.0982e+00, -5.1214e-02,  8.8738e-01,
          1.5122e+00,  4.5389e-01, -9.4318e-01, -1.7867e-01, -8.7967e-01,
         -5.8213e-02,  2.2431e-01,  6.4025e-01,  5.2129e-01, -1.3055e+00,
          7.0128e-01, -5.7536e-01, -4.0558e-02,  3.1103e-01, -9.1689e-01,
          4.2938e-02, -4.5275e-02, -5.9316e-01,  9.2577e-01,  3.5017e-01,
          1.8294e+00, -1.8255e-01,  7.2512e-02,  1.0890e-01, -4.1398e-01,
         -1.2063e-01, -5.6800e-01, -4.0521e-01,  6.0460e-02,  2.1012e-01,
         -2.6991e-01, -8.3685e-01, -2.8634e-01,  8.8133e-01,  3.3369e-01,
          3.2438e-02, -8.8871e-01, -8.2856e-01, -9.4630e-01,  2.0600e-01,
          6.3108e-01, -3.7666e-01, -9.5020e-01,  1.5166e-01,  1.0508e-01,
         -8.2305e-01, -3.8535e-02,  7.0461e-01,  1.4324e+00, -7.3337e-01,
         -2.3482e-01,  1.2417e+00,  2.4702e-01, -2.3294e-01, -2.9274e-01,
          1.6370e-01, -4.5340e-01, -1.0374e-01, -3.9497e-01,  4.3605e-01,
          1.4937e-02, -7.1918e-01,  6.4948e-01,  1.7174e-01, -2.5794e-02,
         -9.3270e-01, -8.8792e-01, -1.3567e+00,  3.6887e-01,  1.1074e+00,
          9.6422e-01, -9.4871e-01, -2.0406e-01,  1.4517e+00,  2.5340e-01,
          8.0370e-01,  7.9831e-01,  6.7543e-01, -1.4174e+00,  7.1507e-01,
         -1.9305e+00,  1.0770e+00,  1.8258e+00, -6.4714e-01,  1.9311e+00,
         -9.1045e-01, -1.0787e+00,  7.9942e-01, -2.2726e+00, -2.4411e-01,
          9.6463e-01,  2.1160e+00,  2.4533e+00,  5.3920e-01,  3.0052e-01,
         -1.8732e+00,  3.8885e-01, -8.1608e-01,  7.0314e-01,  2.0810e-01,
         -7.0791e-01,  3.0117e-01, -2.5525e+00, -7.9627e-01,  1.5297e+00,
         -1.6750e+00,  9.0473e-01, -1.7125e-01,  2.1905e-01,  1.4001e+00,
         -2.6172e+00,  1.0478e+00, -9.8338e-01, -3.6241e-01, -2.5470e-01,
         -1.4166e+00, -1.2689e+00, -6.6086e-01, -5.1629e-02, -3.4616e-01,
          1.4485e+00, -2.2427e+00,  2.1777e-01,  7.2760e-01, -1.6704e-01,
         -2.3654e-02,  5.6708e-01, -6.1081e-01, -1.0595e+00,  7.8483e-01,
          5.3823e-01,  1.3196e+00,  1.4984e-01, -1.3174e+00, -4.2551e-01,
         -3.1265e-01, -6.3066e-01, -1.2491e-01,  6.5185e-02, -2.5749e-01,
         -1.0085e+00, -8.3153e-01, -2.5898e-01, -2.0990e+00, -4.2141e-01,
          3.3356e-02,  8.1385e-01,  1.4472e-01, -9.0758e-01, -6.2783e-02,
         -2.7248e-01,  3.1233e-01, -1.3180e+00,  1.5210e-01, -7.7666e-02,
          7.8720e-01, -3.8106e-02, -7.2079e-01,  7.9772e-01, -2.0991e-02,
         -2.2859e-01, -1.6839e+00, -2.1999e-01,  8.4336e-02, -2.0783e-01,
         -1.8519e-01,  4.4482e-02, -1.4378e+00,  5.1722e-01,  1.2945e+00,
          3.9257e-01,  4.2273e-01,  1.1342e+00,  6.2765e-01, -2.1221e-01,
          7.8293e-01,  3.0010e-01,  2.1470e-03, -4.3077e-01, -1.0758e-02,
          3.0178e-02, -8.7885e-01,  7.7797e-01,  5.3198e-01,  1.4274e+00,
          4.1327e-01, -8.4423e-01, -2.6454e-03, -1.0050e+00, -4.0383e-01,
         -2.4166e-01,  1.0204e+00,  4.7437e-01,  1.5028e-01, -3.6064e-01,
          7.3538e-01, -1.3371e-01, -7.1601e-01,  1.9361e-01, -2.9145e-01,
         -4.7525e-01, -2.1136e-01,  7.4247e-03, -3.2880e-01, -4.4485e-01,
         -8.6777e-01,  1.1712e+00,  1.1748e-01,  4.4827e-01, -8.0494e-01,
          4.6181e-01,  3.2708e-01, -8.4737e-01, -4.8219e-01,  4.8398e-01,
          9.2721e-01,  7.2824e-01,  1.1663e+00,  6.6672e-02, -8.6075e-01,
          1.3332e+00,  1.9541e-01,  1.3361e+00, -1.2330e-01, -1.7941e-01,
         -4.2986e-01,  1.0355e+00, -5.7427e-01,  1.2117e+00, -3.8924e-02,
         -3.5551e-01,  6.1494e-01,  6.7635e-01,  3.8555e-01,  4.6160e-01,
          6.6369e-01, -5.1083e-01,  6.5264e-01, -2.3957e-02, -8.9972e-02,
          9.3562e-01,  1.5440e+00,  1.0768e-01,  6.2176e-01,  7.6802e-01,
         -1.9218e-01,  1.3157e+00,  6.7777e-01,  1.0644e-01,  3.8495e-01,
          3.2407e-01, -6.0105e-01, -1.1439e+00,  2.6144e+00,  8.4224e-01,
          1.6678e-01,  1.8523e+00, -1.7910e-01,  4.0602e-01,  3.1434e-01,
          1.2318e+00, -4.7535e-01,  1.8634e-01]])","tensor([[ 5.4181e-02,  4.8253e-01, -6.8078e-01,  2.4855e-02,  7.1367e-01,
         -3.7649e-01, -5.2358e-01, -2.0809e+00, -9.2992e-01,  7.4976e-01,
          1.4168e-02,  8.8229e-01,  1.2663e+00, -3.0416e-01,  1.3223e-01,
         -7.2264e-01, -9.8177e-01, -9.9769e-01, -5.9037e-01,  6.5635e-01,
          3.0145e-01,  9.8339e-01, -3.9783e-02,  2.2929e-01,  2.1545e-01,
         -7.6357e-01, -1.1277e+00, -2.6614e-01,  4.1079e-01, -6.3004e-01,
          2.3800e-01,  5.9145e-01,  3.7932e-01,  8.3776e-01, -9.8140e-01,
         -1.2402e-01, -2.2701e+00,  7.9023e-01,  1.4730e+00,  3.1753e-01,
          1.8980e-01,  1.3099e+00, -1.5823e+00,  4.2348e-01,  9.3988e-02,
          9.0039e-01, -9.6695e-01,  1.4864e+00,  8.0263e-01, -8.6875e-01,
         -7.5402e-02, -3.3061e-01, -2.2815e-01,  2.9223e-01, -7.8742e-01,
         -1.4145e+00, -4.1683e-01, -7.1940e-02, -1.6677e-02,  4.1266e-01,
          1.0167e+00, -2.7282e-02, -4.6209e-01, -8.7267e-02,  4.6979e-01,
          2.0814e-01, -4.0652e-01, -1.2292e+00, -1.3779e-01,  5.7480e-02,
          1.3184e-02, -2.8418e-01, -3.9189e-01,  7.2371e-02, -9.7094e-01,
         -2.4386e+00, -1.7631e+00, -6.5750e-01, -9.6666e-01, -1.0653e+00,
         -1.6268e-01, -8.4689e-02, -6.7627e-01,  1.7122e+00, -5.6175e-01,
          8.3241e-02,  3.9548e-01,  6.1228e-01, -1.0336e+00, -1.6587e+00,
         -2.2817e-01, -1.1016e-01, -3.6641e-01, -8.7357e-01,  3.3564e-01,
          3.1037e-01,  6.4452e-01, -1.6440e+00,  6.9353e-01,  1.9462e-01,
         -1.2779e+01,  1.4220e+00,  2.1375e-01,  5.5409e-01,  1.2992e+00,
          4.4977e-01,  6.3373e-01,  1.4470e+00, -1.3360e-01,  1.7317e-01,
          9.3957e-01,  4.8280e-01,  6.3991e-01, -9.0372e-01,  1.6785e-01,
         -2.9778e-01,  4.1907e-01,  6.2472e-01, -9.0403e-02,  4.0949e-01,
         -9.2735e-02, -2.3427e-01, -9.4360e-01,  2.4239e-02,  5.4904e-02,
          2.2067e-01, -3.6998e-02, -1.0223e+00, -5.8484e-01, -2.2677e-01,
         -2.3361e-01, -1.2365e-01, -7.2361e-01,  4.2063e-01,  4.7415e-01,
         -1.0368e+00,  1.6430e+00, -1.0782e+00,  1.2650e-01,  1.1793e-01,
         -5.7767e-01,  5.5319e-01,  1.3388e-01,  4.6905e-02, -1.9244e+00,
         -5.8410e-01,  2.5274e-01, -4.9348e-02,  3.9906e-01,  1.2611e-01,
         -9.3414e-01,  6.5230e-01, -1.4525e-01,  8.9443e-01, -6.3634e-01,
          3.5685e-01, -1.2671e-01,  5.3244e-01, -3.6298e-01,  8.7704e-01,
         -1.3204e+00, -5.9968e-01,  5.4309e-02, -4.1442e-01,  4.1329e-01,
         -4.3163e-01, -2.8627e-01,  4.8070e-01, -7.4271e-01, -4.0621e-01,
         -1.4993e-01,  5.7000e-01, -7.4346e-02, -7.8454e-01, -1.1619e+00,
          1.3065e+00, -1.4627e+00, -2.2900e-01, -2.0933e-01,  6.3646e-01,
         -3.4706e-01,  2.4849e-01,  2.6654e-01,  5.0779e-01,  3.9235e-01,
          7.6086e-01,  1.7317e+00,  8.7857e-01,  7.3723e-01, -3.4724e-01,
         -1.0877e-01,  6.5625e-01, -2.3945e-01, -2.6509e-01, -1.6896e-01,
          1.5210e+00,  1.2117e-01,  1.2974e+01, -4.0773e-01, -7.7932e-01,
          1.0858e-01,  7.6423e-01,  5.2659e-01, -1.4560e+00, -8.0770e-01,
          5.5506e-01,  1.0234e+00, -6.5050e-01, -1.2736e+00,  6.3656e-01,
          2.2737e-01,  7.1748e-01,  2.5030e-01, -8.2117e-01, -6.5209e-01,
          4.1280e-01, -7.8626e-02,  3.3027e-01,  4.1378e-01, -1.1080e+00,
          2.2775e+00,  4.7010e-01, -7.1281e-01,  9.1129e-01,  1.3367e-01,
         -2.1510e-01, -2.6800e-01,  2.1377e-01, -7.3650e-01,  1.6474e+00,
          5.9493e-01, -6.3175e-01,  2.6817e-01, -7.7149e-01, -9.4992e-01,
          1.3911e+00, -9.3368e-01, -9.0476e-01,  7.5637e-01,  3.4063e-01,
         -9.3756e-01, -8.4318e-01,  2.0101e-01, -7.5208e-01, -1.3915e+00,
          1.5176e+00, -1.7561e-01, -1.3392e+00, -1.1262e+00,  1.3318e+00,
          1.5117e-01, -1.8710e+00, -1.4943e-01, -3.3017e-01, -5.8911e-01,
         -5.3504e-01, -7.7228e-02, -1.0492e-01, -2.7786e-01,  4.3938e-01,
          2.8832e-01,  5.6833e-01,  3.8789e-01,  6.5777e-01, -2.0912e-01,
         -4.5131e-01, -3.9572e-01, -3.3679e-01,  9.6262e-02, -7.0165e-01,
          3.3640e-01, -1.2699e-01,  9.5508e-02,  6.2022e-01,  1.4253e+00,
          2.4873e-01,  1.9588e-01, -6.8646e-01, -1.0127e-01,  5.5583e-01,
         -2.5788e-01, -3.9234e-01, -6.4549e-01, -7.4917e-01, -1.2303e+00,
         -3.5929e-01, -5.1961e-01,  6.3829e-01,  9.3514e-01, -2.9442e-01,
          1.0890e+00, -1.1322e+00, -1.6004e-01, -1.4451e+00, -6.1006e-01,
          5.9223e-01, -2.8654e-02, -6.4102e-01,  5.7811e-01, -4.6199e-01,
          1.9189e-01, -3.7142e-01,  8.2228e-01,  9.9663e-01, -4.4636e-01,
          2.4692e-01,  2.4089e-01,  6.6806e-01, -1.6194e+00, -1.4453e-01,
          1.4240e-01, -5.2738e-01,  2.9097e-01,  4.2217e-01, -3.2081e+00,
         -1.2921e+00, -2.5084e-01,  4.1273e-01,  6.4689e-02, -1.0099e+00,
         -6.6387e-01, -3.5868e-01, -1.7122e-01,  6.5570e-01, -1.0572e-01,
          3.4375e-01,  6.1393e-01,  7.6915e-01,  1.7151e+00,  2.0558e-01,
          1.4159e+00, -4.7861e-01, -1.0764e+00,  2.6152e-01,  1.2369e+00,
         -2.1149e-01, -1.4025e+00,  3.5796e-01,  4.9178e-01, -3.1374e-01,
          2.0238e-01, -8.0170e-01,  6.6467e-01, -6.3735e-01,  5.1590e-01,
          6.9702e-01,  5.1460e-01, -4.6215e-01, -3.8898e-02,  6.0975e-02,
          3.2404e-01, -4.5028e-01, -5.9560e-01,  8.5537e-01,  1.9363e-01,
          1.5971e+00,  2.9819e-01, -2.6359e-01, -8.9960e-01,  4.6557e-01,
          1.0447e+00, -2.7602e-01, -2.4274e-01,  1.5655e-01,  1.7602e-01,
         -8.6392e-02,  3.9518e-01,  8.3661e-01,  3.4529e-01,  7.2554e-01,
         -3.9247e-01,  9.1174e-02,  1.9500e-01,  1.8151e-01,  1.4000e+00,
          8.1360e-01,  4.7906e-01, -2.7866e-01, -2.4607e-01, -2.0959e-01,
         -1.1368e+00,  7.4587e-01,  5.4712e-01,  1.6145e+00,  2.7743e-02,
         -4.3140e-01,  9.7764e-01,  4.5344e-01, -2.0950e-01, -9.8645e-01,
          2.8077e-01,  5.3919e-01,  1.1084e+00,  3.3455e-01, -1.2305e+00,
          1.4893e+00,  1.0304e+00, -6.3971e-01, -1.2788e-01, -4.4279e-01,
         -2.4394e-01, -1.1522e+00, -6.4777e-01, -1.5637e+00,  1.5430e-01,
          5.0112e-01,  4.4387e-01, -7.9574e-01, -4.4634e-01, -7.1590e-01,
          1.6742e+00,  5.8450e-01, -4.5643e-01, -2.9668e-02,  9.9941e-01,
         -1.8820e+00,  4.4354e-01,  3.3284e-01,  1.3104e-01, -1.2362e+00,
          1.2124e+00, -1.8078e-01, -1.1004e+00,  1.7900e+00,  5.6670e-01,
          1.1165e+00, -4.0334e-02, -3.8100e-01, -3.2393e-01, -1.8011e-02,
          2.7732e-01, -5.3241e-01, -3.0117e-01, -1.0238e+00,  2.0745e-01,
          1.2871e-01,  1.6106e-01, -4.8443e-01, -5.8949e-02,  3.8157e-02,
         -6.2489e-01, -1.2414e+00, -8.0956e-01,  5.9842e-01, -4.1568e-01,
          1.6305e+00,  8.1875e-01,  1.2810e-01, -5.5519e-01, -4.1975e-02,
         -1.3397e+00,  4.6327e-01, -5.5198e-02, -7.0089e-01, -3.5566e-02,
          3.3814e-01,  5.8024e-01, -1.8281e-01, -6.5275e-01,  3.4634e-01,
         -2.2876e+00, -2.1492e-01,  2.0376e+00, -7.3306e-01, -1.0565e-01,
         -1.2581e-01,  1.1468e+00, -3.3731e-01, -8.3768e-01, -1.0647e+00,
         -8.0373e-01,  5.1663e-02,  1.5127e+00, -2.1508e-01, -3.2627e-01,
         -2.5898e-01, -2.7118e-02, -1.4287e-01, -3.1610e-01, -6.3972e-01,
          3.1257e-01, -5.9550e-02, -1.0143e-01, -8.7871e-01,  1.8331e-01,
          7.0206e-01,  5.1447e-01, -4.0679e-01,  1.2270e-01,  7.4184e-01,
          7.4251e-01,  5.2471e-01, -7.4531e-01,  6.8335e-01,  5.9538e-01,
          1.0465e-01,  4.0716e-01,  3.1182e-01,  1.2944e+00, -1.5828e-01,
         -3.1160e-01,  4.8941e-01,  8.8030e-01, -8.2892e-03,  7.1315e-01,
          1.3296e+00,  3.9182e-01, -8.7780e-01, -2.0974e-01, -7.3769e-01,
         -5.7051e-03,  2.3884e-01,  5.2567e-01,  4.7439e-01, -1.0378e+00,
          6.9461e-01, -5.7963e-01, -2.7343e-02,  2.4785e-01, -8.8357e-01,
         -2.5364e-02, -4.0098e-02, -4.5766e-01,  6.8422e-01,  3.2153e-01,
          1.4754e+00, -1.3011e-01,  6.5124e-02,  1.0592e-01, -3.9401e-01,
         -1.0272e-01, -4.9790e-01, -3.6826e-01,  1.2866e-02,  2.2714e-01,
         -1.8668e-01, -7.2061e-01, -2.6809e-01,  7.7705e-01,  2.8754e-01,
          6.3612e-02, -7.4820e-01, -6.6674e-01, -7.5870e-01,  1.3641e-01,
          5.2046e-01, -3.2502e-01, -8.3765e-01,  2.2047e-01,  2.6259e-02,
         -6.6622e-01, -6.5245e-02,  6.0283e-01,  1.2449e+00, -6.1170e-01,
         -2.0228e-01,  9.7902e-01,  1.1333e-01, -2.0004e-01, -3.4622e-01,
          1.9648e-01, -2.3311e-01, -1.1534e-01, -2.6296e-01,  3.7627e-01,
          8.1732e-02, -5.0963e-01,  4.4480e-01,  1.6099e-01,  1.3669e-02,
         -9.1967e-01, -7.6085e-01, -1.1765e+00,  3.7658e-01,  1.0212e+00,
          7.3918e-01, -8.6816e-01, -8.9422e-02,  1.1719e+00,  2.2171e-01,
          6.7237e-01,  7.0436e-01,  5.4041e-01, -1.2152e+00,  7.1157e-01,
         -1.6355e+00,  8.9203e-01,  1.4548e+00, -5.9448e-01,  1.6012e+00,
         -8.4893e-01, -8.9988e-01,  6.4482e-01, -2.0466e+00, -2.4041e-01,
          7.1626e-01,  1.8108e+00,  2.0299e+00,  5.2687e-01,  2.8806e-01,
         -1.5796e+00,  3.6970e-01, -6.3046e-01,  6.5213e-01,  1.8338e-01,
         -6.8684e-01,  2.2707e-01, -2.2181e+00, -7.3089e-01,  1.2894e+00,
         -1.3472e+00,  8.4494e-01, -2.7543e-01,  2.1083e-01,  1.2113e+00,
         -2.2293e+00,  9.6297e-01, -8.7746e-01, -2.8902e-01, -1.7016e-01,
         -1.1425e+00, -1.0167e+00, -6.2216e-01, -1.1398e-01, -3.2314e-01,
          1.2205e+00, -2.1038e+00,  1.7792e-01,  6.5180e-01, -2.3053e-01,
         -1.4437e-02,  5.1907e-01, -5.1597e-01, -1.0041e+00,  5.6494e-01,
          3.9842e-01,  1.1741e+00,  1.1088e-01, -1.0807e+00, -3.5353e-01,
         -2.5368e-01, -4.9537e-01, -9.0285e-02, -4.0939e-02, -1.8540e-01,
         -8.0726e-01, -7.5121e-01, -1.5541e-01, -1.6571e+00, -3.5236e-01,
          9.4033e-02,  7.3150e-01,  8.8303e-02, -8.2532e-01, -8.4359e-03,
         -2.9208e-01,  2.4935e-01, -1.0408e+00,  4.0389e-02, -9.6627e-02,
          6.8352e-01,  4.2759e-02, -6.1527e-01,  7.1703e-01, -2.1950e-02,
         -2.0163e-01, -1.4282e+00, -1.7874e-01,  1.8372e-01, -1.3006e-01,
         -9.6897e-02,  6.0382e-02, -1.2030e+00,  4.8501e-01,  1.1763e+00,
          4.4018e-01,  4.6199e-01,  1.0859e+00,  6.2742e-01, -2.1544e-01,
          6.5301e-01,  2.3676e-01,  1.4461e-02, -2.7601e-01,  5.4160e-02,
          9.0793e-02, -6.8816e-01,  7.4410e-01,  5.9010e-01,  1.2190e+00,
          3.6667e-01, -6.0068e-01, -1.4810e-02, -8.8412e-01, -2.6875e-01,
         -2.5164e-01,  9.0492e-01,  3.8668e-01,  1.0810e-01, -3.6484e-01,
          6.9284e-01, -6.6438e-02, -7.2423e-01,  1.6624e-01, -1.8711e-01,
         -3.5802e-01, -1.7244e-01, -3.2471e-02, -3.2756e-01, -4.6370e-01,
         -8.7218e-01,  9.4373e-01,  1.6856e-01,  3.5284e-01, -5.8953e-01,
          4.0352e-01,  3.1013e-01, -7.2565e-01, -3.9331e-01,  5.5271e-01,
          7.4681e-01,  6.2696e-01,  9.6790e-01,  9.6452e-02, -7.2503e-01,
          1.1840e+00,  1.5267e-01,  1.1488e+00, -1.3381e-01, -1.6090e-01,
         -3.1756e-01,  8.8960e-01, -5.2888e-01,  9.9220e-01, -4.6980e-02,
         -4.0535e-01,  4.4692e-01,  5.8182e-01,  3.1060e-01,  3.2576e-01,
          5.4612e-01, -4.8235e-01,  5.9428e-01, -7.9439e-02, -8.2734e-02,
          7.6915e-01,  1.4059e+00,  7.4006e-02,  5.2898e-01,  6.0475e-01,
         -2.1658e-01,  1.1114e+00,  6.1996e-01,  1.2601e-01,  3.9205e-01,
          1.8615e-01, -5.5527e-01, -9.2797e-01,  2.3787e+00,  6.9343e-01,
          1.0639e-01,  1.5506e+00, -1.9136e-01,  3.5720e-01,  4.0191e-01,
          1.1064e+00, -4.0234e-01,  1.8973e-01]])","tensor([[ 8.8072e-02,  4.2740e-01, -5.9324e-01,  4.1895e-02,  5.6498e-01,
         -2.4461e-01, -5.1097e-01, -1.8142e+00, -8.5316e-01,  6.4434e-01,
         -2.6106e-02,  8.1370e-01,  1.0508e+00, -2.9551e-01,  7.5566e-02,
         -6.5387e-01, -8.1716e-01, -9.2411e-01, -4.4657e-01,  5.7176e-01,
          2.6885e-01,  8.3409e-01, -4.0777e-02,  1.9158e-01,  1.4859e-01,
         -6.8929e-01, -1.0528e+00, -3.1875e-01,  3.5267e-01, -5.4633e-01,
          1.8251e-01,  5.1968e-01,  3.5481e-01,  6.9664e-01, -8.9233e-01,
         -1.0864e-01, -2.0457e+00,  6.5780e-01,  1.2733e+00,  2.0511e-01,
          1.1081e-01,  1.1169e+00, -1.3819e+00,  3.6560e-01,  5.4469e-02,
          7.7132e-01, -8.8371e-01,  1.3313e+00,  7.3224e-01, -7.4735e-01,
         -6.8785e-02, -3.0909e-01, -1.8921e-01,  3.1155e-01, -6.8428e-01,
         -1.2448e+00, -3.2315e-01, -9.5038e-03, -2.9012e-02,  3.6308e-01,
          8.8210e-01, -4.9001e-02, -4.2292e-01, -1.2464e-01,  5.0049e-01,
          1.5505e-01, -2.8554e-01, -1.0231e+00, -1.4319e-01,  5.7751e-02,
          4.1475e-02, -2.1260e-01, -4.1917e-01,  7.2433e-02, -8.2456e-01,
         -2.1810e+00, -1.5700e+00, -6.2620e-01, -8.9105e-01, -9.1311e-01,
         -2.1566e-01, -4.2140e-02, -6.0779e-01,  1.4547e+00, -4.4098e-01,
          9.2891e-02,  2.9885e-01,  6.2803e-01, -8.9891e-01, -1.4471e+00,
         -1.1404e-01, -6.9400e-02, -4.1771e-01, -8.2119e-01,  3.6575e-01,
          3.0927e-01,  6.0782e-01, -1.4554e+00,  6.6533e-01,  1.9657e-01,
         -1.4499e+01,  1.2665e+00,  2.3166e-01,  4.7531e-01,  1.1056e+00,
          4.4458e-01,  5.7355e-01,  1.2967e+00, -1.5003e-01,  1.6009e-01,
          8.0715e-01,  4.1707e-01,  5.9920e-01, -8.0831e-01,  7.7377e-02,
         -2.5227e-01,  4.0092e-01,  6.3922e-01, -1.1839e-01,  4.0174e-01,
         -2.3375e-02, -2.0132e-01, -8.5131e-01,  4.8993e-02,  3.9250e-02,
          1.3357e-01, -2.8653e-02, -8.4211e-01, -4.7920e-01, -1.5943e-01,
         -2.1822e-01, -1.4287e-01, -6.4084e-01,  3.2205e-01,  3.8317e-01,
         -8.9437e-01,  1.4445e+00, -9.2738e-01,  1.1214e-01,  1.3923e-01,
         -5.1138e-01,  4.8286e-01,  7.3202e-02,  3.3618e-02, -1.7016e+00,
         -5.5227e-01,  1.9340e-01, -1.1023e-01,  3.2753e-01,  7.6275e-02,
         -8.7067e-01,  5.7016e-01, -8.9256e-02,  8.0894e-01, -5.6372e-01,
          2.9392e-01, -8.7280e-02,  4.4272e-01, -3.3276e-01,  8.1991e-01,
         -1.2024e+00, -5.3671e-01,  7.0085e-02, -3.8381e-01,  3.1275e-01,
         -3.8933e-01, -2.2390e-01,  4.1442e-01, -6.2508e-01, -2.8633e-01,
         -8.6623e-02,  4.3820e-01, -3.6757e-02, -6.6478e-01, -1.0533e+00,
          1.2298e+00, -1.2588e+00, -2.0665e-01, -2.0538e-01,  5.7890e-01,
         -3.0382e-01,  2.3138e-01,  2.5199e-01,  4.9730e-01,  3.1567e-01,
          6.7468e-01,  1.5000e+00,  7.5369e-01,  6.8586e-01, -2.7852e-01,
         -5.2599e-02,  5.6420e-01, -2.2962e-01, -2.3958e-01, -1.8058e-01,
          1.3132e+00,  1.3586e-01,  1.4661e+01, -3.6147e-01, -6.5567e-01,
          1.3117e-01,  6.7017e-01,  4.1404e-01, -1.2575e+00, -7.0351e-01,
          4.9846e-01,  8.9723e-01, -5.4282e-01, -1.1433e+00,  5.7578e-01,
          1.8677e-01,  6.5879e-01,  1.9317e-01, -7.1986e-01, -6.2284e-01,
          2.9385e-01,  2.6029e-03,  3.0908e-01,  3.4686e-01, -9.9231e-01,
          2.0060e+00,  3.8532e-01, -6.5432e-01,  8.5133e-01,  1.7243e-01,
         -2.0449e-01, -1.8446e-01,  2.0620e-01, -6.4127e-01,  1.4352e+00,
          5.4699e-01, -5.4797e-01,  2.5831e-01, -6.3310e-01, -8.8488e-01,
          1.2202e+00, -8.4564e-01, -8.5223e-01,  6.8480e-01,  2.6256e-01,
         -7.8315e-01, -7.4896e-01,  2.7767e-01, -6.2516e-01, -1.1828e+00,
          1.3372e+00, -1.7465e-01, -1.2003e+00, -1.0042e+00,  1.2233e+00,
          1.6585e-01, -1.6965e+00, -1.2172e-01, -2.5025e-01, -5.9181e-01,
         -5.7449e-01, -7.9561e-02, -1.1835e-01, -2.5769e-01,  4.2979e-01,
          3.1416e-01,  5.0207e-01,  3.5469e-01,  5.6810e-01, -2.1106e-01,
         -3.5109e-01, -3.8660e-01, -2.9528e-01,  8.5061e-02, -6.4820e-01,
          3.2729e-01, -1.3758e-01,  1.0805e-01,  5.0685e-01,  1.2115e+00,
          1.7318e-01,  1.0772e-01, -6.1952e-01, -1.3742e-01,  4.7906e-01,
         -1.9947e-01, -2.7262e-01, -5.7400e-01, -6.5826e-01, -1.0859e+00,
         -3.2207e-01, -4.0486e-01,  5.5442e-01,  8.3948e-01, -2.2246e-01,
          9.2763e-01, -9.8668e-01, -1.8535e-01, -1.2977e+00, -5.1859e-01,
          5.3270e-01, -1.4040e-02, -6.3197e-01,  4.8249e-01, -4.4394e-01,
          1.3377e-01, -3.2739e-01,  7.0655e-01,  9.2197e-01, -3.7852e-01,
          2.3029e-01,  2.3114e-01,  5.4252e-01, -1.3874e+00, -1.6628e-01,
          1.3688e-01, -4.7969e-01,  2.3859e-01,  4.1629e-01, -3.2737e+00,
         -1.1725e+00, -2.5436e-01,  3.9006e-01,  5.3804e-02, -8.8240e-01,
         -6.0800e-01, -2.9428e-01, -1.9328e-01,  5.1694e-01, -7.7922e-02,
          3.6716e-01,  5.9456e-01,  6.8651e-01,  1.4949e+00,  1.4167e-01,
          1.1770e+00, -4.5725e-01, -9.1126e-01,  2.4795e-01,  1.1080e+00,
         -2.2311e-01, -1.2775e+00,  2.9003e-01,  4.8195e-01, -2.4136e-01,
          1.5415e-01, -6.7469e-01,  5.7767e-01, -5.7483e-01,  5.4585e-01,
          6.0526e-01,  3.9690e-01, -4.4093e-01, -2.6960e-02,  2.3289e-02,
          2.3139e-01, -4.3659e-01, -5.1416e-01,  6.8792e-01,  1.9392e-01,
          1.4499e+00,  1.7411e-01, -2.3318e-01, -7.5805e-01,  4.5318e-01,
          9.7999e-01, -1.8845e-01, -2.2466e-01,  6.6745e-02,  2.1529e-01,
         -8.1093e-02,  3.3920e-01,  6.9068e-01,  3.2669e-01,  6.5115e-01,
         -3.4460e-01,  4.5928e-02,  2.4334e-01,  1.4820e-01,  1.2335e+00,
          7.0859e-01,  3.9701e-01, -1.3861e-01, -1.5292e-01, -2.0244e-01,
         -1.0164e+00,  6.2947e-01,  5.1979e-01,  1.4474e+00,  6.6254e-02,
         -3.9379e-01,  9.0883e-01,  3.6750e-01, -1.4641e-01, -8.5339e-01,
          2.2513e-01,  4.4714e-01,  9.5698e-01,  2.4700e-01, -1.1012e+00,
          1.3268e+00,  8.4006e-01, -5.8098e-01, -1.1411e-01, -4.2920e-01,
         -2.4563e-01, -1.0792e+00, -5.1607e-01, -1.4071e+00,  1.1007e-01,
          3.8569e-01,  3.8323e-01, -6.8311e-01, -3.4771e-01, -5.8661e-01,
          1.5248e+00,  4.1625e-01, -4.5318e-01, -2.4971e-02,  8.5408e-01,
         -1.6126e+00,  3.9850e-01,  3.6425e-01,  1.1303e-01, -1.1433e+00,
          1.1285e+00, -7.8272e-02, -9.9297e-01,  1.5639e+00,  5.5803e-01,
          1.0367e+00, -5.6725e-03, -3.2937e-01, -2.4583e-01, -1.5989e-02,
          3.0348e-01, -4.6032e-01, -2.3604e-01, -8.6147e-01,  1.8153e-01,
          1.0390e-01,  1.3164e-01, -5.3091e-01, -9.6328e-02,  8.9316e-02,
         -5.7788e-01, -1.0351e+00, -7.2271e-01,  5.8350e-01, -3.4586e-01,
          1.4907e+00,  7.6532e-01,  8.6047e-02, -6.2845e-01, -1.9132e-02,
         -1.2066e+00,  3.6529e-01, -6.1354e-02, -6.2501e-01,  1.3911e-02,
          2.8101e-01,  4.9309e-01, -1.6688e-01, -5.2031e-01,  3.5731e-01,
         -1.9733e+00, -1.5795e-01,  1.7767e+00, -6.1198e-01, -6.2717e-02,
         -3.5330e-02,  9.9227e-01, -2.3563e-01, -7.2036e-01, -1.0152e+00,
         -6.8174e-01,  6.2925e-02,  1.2749e+00, -1.8797e-01, -3.1455e-01,
         -2.4023e-01,  4.1623e-03, -1.6270e-01, -3.0391e-01, -5.3545e-01,
          2.5017e-01, -1.5193e-02, -1.1828e-01, -7.7137e-01,  1.2909e-01,
          5.9139e-01,  4.8013e-01, -3.6535e-01,  2.9447e-02,  6.5330e-01,
          6.3367e-01,  5.0429e-01, -6.5532e-01,  6.4770e-01,  4.9728e-01,
          8.6774e-02,  3.3225e-01,  2.0428e-01,  1.1786e+00, -1.7593e-01,
         -2.9885e-01,  3.8812e-01,  7.8882e-01, -1.9864e-02,  5.9792e-01,
          1.2035e+00,  3.6760e-01, -8.5450e-01, -2.9343e-01, -6.2878e-01,
         -1.6006e-02,  1.8101e-01,  3.9293e-01,  4.3587e-01, -9.2165e-01,
          6.4357e-01, -4.3911e-01,  3.4412e-03,  1.4972e-01, -7.6899e-01,
          2.1425e-03, -3.3638e-02, -3.9372e-01,  5.6253e-01,  3.7577e-01,
          1.2804e+00, -4.5785e-02,  4.5625e-02,  8.9914e-02, -3.0363e-01,
         -6.5470e-02, -5.2499e-01, -3.4923e-01,  4.6949e-02,  1.9877e-01,
         -1.7153e-01, -6.5191e-01, -2.3785e-01,  6.7202e-01,  2.3669e-01,
          9.0645e-02, -6.9710e-01, -5.2104e-01, -6.1824e-01,  9.8885e-02,
          4.6428e-01, -2.0336e-01, -7.7270e-01,  2.4567e-01,  1.6443e-02,
         -5.6002e-01, -8.2350e-02,  5.2317e-01,  1.1379e+00, -5.0521e-01,
         -1.8092e-01,  7.8330e-01,  8.0050e-02, -1.5841e-01, -2.8015e-01,
          1.1662e-01, -1.6484e-01, -1.4259e-01, -2.8089e-01,  3.8123e-01,
          7.1480e-02, -4.1808e-01,  3.4783e-01,  1.3431e-01, -4.3683e-03,
         -8.5818e-01, -7.1829e-01, -1.0638e+00,  3.0719e-01,  9.5195e-01,
          6.5794e-01, -7.7792e-01, -1.4511e-01,  1.0229e+00,  3.0425e-01,
          5.9516e-01,  6.4565e-01,  4.7409e-01, -1.0826e+00,  6.6310e-01,
         -1.4243e+00,  7.2118e-01,  1.2950e+00, -5.3632e-01,  1.3721e+00,
         -7.3160e-01, -8.3534e-01,  5.3435e-01, -1.7701e+00, -1.7828e-01,
          5.6957e-01,  1.6522e+00,  1.7653e+00,  4.4784e-01,  2.2184e-01,
         -1.4119e+00,  3.6911e-01, -5.6319e-01,  5.9291e-01,  2.3060e-01,
         -6.2468e-01,  1.3482e-01, -1.9546e+00, -6.3723e-01,  1.1362e+00,
         -1.1728e+00,  8.1509e-01, -2.3692e-01,  2.1371e-01,  1.1044e+00,
         -1.9241e+00,  8.8396e-01, -7.5790e-01, -2.7855e-01, -1.3375e-01,
         -9.5843e-01, -8.5751e-01, -5.3488e-01, -1.0468e-01, -3.0293e-01,
          1.0607e+00, -1.8206e+00,  1.3854e-01,  6.1725e-01, -2.0218e-01,
         -1.1795e-02,  4.1835e-01, -4.8708e-01, -8.8442e-01,  4.8747e-01,
          3.1891e-01,  1.0545e+00,  1.8841e-01, -8.9929e-01, -3.1724e-01,
         -1.7869e-01, -4.3030e-01, -4.3805e-02, -7.1063e-02, -1.6050e-01,
         -6.7591e-01, -6.7928e-01, -1.6858e-01, -1.3833e+00, -3.3157e-01,
          9.6230e-02,  6.6590e-01,  6.6761e-02, -7.5965e-01,  3.8020e-03,
         -2.2981e-01,  2.2979e-01, -8.7469e-01,  4.0803e-02, -8.3548e-02,
          5.8283e-01,  2.1350e-02, -5.4753e-01,  7.3131e-01, -1.3810e-02,
         -2.4788e-01, -1.2496e+00, -1.2938e-01,  2.1279e-01, -8.9568e-02,
         -1.0352e-01,  4.8298e-02, -1.0220e+00,  4.8702e-01,  1.1051e+00,
          4.1022e-01,  4.4102e-01,  9.6721e-01,  5.8579e-01, -1.2703e-01,
          5.8975e-01,  2.3257e-01,  4.0475e-03, -2.5315e-01,  2.9173e-02,
          1.6303e-01, -5.9837e-01,  7.0602e-01,  5.5225e-01,  1.1283e+00,
          3.0503e-01, -5.3614e-01,  6.7723e-03, -8.0528e-01, -1.9697e-01,
         -2.6435e-01,  8.2905e-01,  3.6734e-01,  8.8519e-02, -3.3477e-01,
          6.4263e-01, -7.2031e-02, -6.0819e-01,  1.2821e-01, -1.3831e-01,
         -2.6038e-01, -9.9383e-02, -4.4205e-02, -3.7033e-01, -3.8104e-01,
         -7.2922e-01,  8.1814e-01,  1.0497e-01,  3.1177e-01, -5.1235e-01,
          3.7521e-01,  2.4946e-01, -6.5380e-01, -3.0827e-01,  4.4807e-01,
          6.5735e-01,  4.9451e-01,  8.2688e-01,  5.9694e-02, -6.4929e-01,
          1.0614e+00,  7.2391e-02,  9.6843e-01, -1.3414e-01, -1.6088e-01,
         -3.3507e-01,  7.6901e-01, -4.7788e-01,  8.1889e-01, -9.0140e-03,
         -3.7525e-01,  4.1189e-01,  4.7435e-01,  2.8093e-01,  2.2370e-01,
          4.1068e-01, -3.9942e-01,  4.6097e-01, -4.7502e-02, -4.9142e-02,
          6.4700e-01,  1.3097e+00,  5.0489e-02,  4.6879e-01,  4.7874e-01,
         -2.2810e-01,  9.6109e-01,  5.3025e-01,  1.1230e-01,  3.1924e-01,
          1.5695e-01, -5.0001e-01, -8.1467e-01,  2.1380e+00,  6.3426e-01,
          9.2732e-02,  1.3534e+00, -1.4850e-01,  3.3869e-01,  4.2394e-01,
          1.0552e+00, -3.3153e-01,  1.5636e-01]])","tensor([[ 1.0006e-01,  3.6579e-01, -4.8379e-01,  2.4294e-02,  5.0784e-01,
         -1.9595e-01, -4.8231e-01, -1.6791e+00, -8.0833e-01,  5.6381e-01,
         -5.7214e-02,  7.5506e-01,  9.3375e-01, -3.1402e-01,  2.1249e-02,
         -6.3342e-01, -7.3795e-01, -8.4957e-01, -3.7814e-01,  5.1703e-01,
          2.6570e-01,  7.7058e-01, -2.7117e-02,  1.8449e-01,  1.1857e-01,
         -6.5609e-01, -9.8955e-01, -3.1246e-01,  3.1260e-01, -4.8391e-01,
          1.3295e-01,  4.4182e-01,  3.4960e-01,  6.8216e-01, -7.9826e-01,
         -7.8145e-02, -1.8809e+00,  5.7110e-01,  1.1162e+00,  1.6351e-01,
          6.9393e-02,  9.8426e-01, -1.2307e+00,  3.5993e-01,  3.7042e-02,
          6.8815e-01, -8.3328e-01,  1.2500e+00,  6.6603e-01, -6.9354e-01,
         -2.8386e-02, -2.4934e-01, -1.1962e-01,  3.2588e-01, -6.0471e-01,
         -1.1550e+00, -2.6687e-01, -2.7197e-02, -9.9466e-03,  3.5675e-01,
          8.0153e-01, -4.1914e-02, -3.5902e-01, -8.9421e-02,  4.6369e-01,
          1.3643e-01, -2.7436e-01, -9.6811e-01, -1.0300e-01,  1.7255e-02,
          5.3277e-02, -1.9939e-01, -4.3515e-01,  1.9828e-02, -7.6995e-01,
         -2.0447e+00, -1.4409e+00, -5.9180e-01, -8.6295e-01, -8.3959e-01,
         -2.1053e-01, -3.3500e-02, -5.8506e-01,  1.2975e+00, -3.8724e-01,
          1.2007e-01,  2.2174e-01,  5.6740e-01, -8.1784e-01, -1.3136e+00,
         -6.4346e-02, -6.9546e-02, -4.0469e-01, -7.5066e-01,  3.9517e-01,
          3.0489e-01,  5.5336e-01, -1.3219e+00,  6.2193e-01,  2.0770e-01,
         -1.5334e+01,  1.1635e+00,  2.1686e-01,  4.1002e-01,  1.0158e+00,
          4.1598e-01,  5.8585e-01,  1.1722e+00, -1.5043e-01,  1.8148e-01,
          7.5029e-01,  3.7966e-01,  5.5505e-01, -7.9660e-01,  9.8008e-03,
         -2.1596e-01,  3.4493e-01,  6.0652e-01, -1.2225e-01,  3.7162e-01,
         -5.5431e-05, -2.0478e-01, -7.6988e-01,  4.8491e-02,  1.0807e-02,
          1.0483e-01, -2.3105e-02, -7.5187e-01, -4.8496e-01, -1.4720e-01,
         -1.6253e-01, -1.1347e-01, -6.0380e-01,  2.9591e-01,  3.5703e-01,
         -8.1922e-01,  1.3294e+00, -8.3610e-01,  1.0396e-01,  1.3111e-01,
         -4.3434e-01,  3.9471e-01,  7.6534e-02,  3.6263e-02, -1.5462e+00,
         -4.9856e-01,  1.4945e-01, -1.5612e-01,  2.4719e-01,  6.6003e-03,
         -7.7608e-01,  5.5325e-01, -1.0158e-01,  7.4792e-01, -5.6697e-01,
          2.6711e-01, -1.0488e-01,  4.3723e-01, -3.0296e-01,  7.8529e-01,
         -1.0998e+00, -4.9853e-01,  3.9795e-02, -3.6983e-01,  2.7220e-01,
         -3.6533e-01, -2.3911e-01,  4.0966e-01, -6.1018e-01, -2.2752e-01,
         -9.3802e-02,  4.2074e-01, -4.8372e-02, -5.9464e-01, -9.3323e-01,
          1.1749e+00, -1.1446e+00, -1.8246e-01, -2.0487e-01,  6.2001e-01,
         -2.8424e-01,  2.3735e-01,  2.0110e-01,  4.6281e-01,  2.7109e-01,
          6.0599e-01,  1.3875e+00,  7.2366e-01,  6.5183e-01, -2.2326e-01,
          3.7238e-02,  5.6245e-01, -2.2339e-01, -2.1397e-01, -1.5018e-01,
          1.1699e+00,  1.1569e-01,  1.5546e+01, -3.2183e-01, -5.8366e-01,
          1.0351e-01,  6.4157e-01,  3.7895e-01, -1.1574e+00, -6.3378e-01,
          4.3769e-01,  7.8505e-01, -4.6869e-01, -1.0448e+00,  5.5553e-01,
          2.0057e-01,  5.9063e-01,  1.5289e-01, -6.4476e-01, -5.6350e-01,
          2.3532e-01,  6.4436e-03,  2.4224e-01,  2.7530e-01, -9.3572e-01,
          1.8583e+00,  3.1889e-01, -5.4573e-01,  8.2547e-01,  1.8352e-01,
         -2.0976e-01, -1.5834e-01,  1.8979e-01, -5.9184e-01,  1.3390e+00,
          4.7654e-01, -5.0001e-01,  2.5845e-01, -5.5260e-01, -8.2964e-01,
          1.1177e+00, -8.1952e-01, -8.0076e-01,  6.6723e-01,  2.6781e-01,
         -7.3177e-01, -7.0157e-01,  2.7374e-01, -5.8839e-01, -1.0848e+00,
          1.2932e+00, -1.3261e-01, -1.0763e+00, -8.9610e-01,  1.1329e+00,
          1.6840e-01, -1.5396e+00, -1.3219e-01, -2.1669e-01, -5.4847e-01,
         -5.4780e-01, -3.2006e-02, -8.2036e-02, -2.1575e-01,  3.8682e-01,
          3.2801e-01,  4.9523e-01,  3.4982e-01,  4.9822e-01, -1.9411e-01,
         -2.9835e-01, -3.5309e-01, -2.6433e-01,  6.0920e-02, -5.8788e-01,
          2.6418e-01, -1.0862e-01,  1.1011e-01,  4.5999e-01,  1.0961e+00,
          1.2375e-01,  7.5295e-02, -5.9298e-01, -1.5362e-01,  4.5753e-01,
         -2.0567e-01, -2.3544e-01, -5.3411e-01, -6.3667e-01, -1.0163e+00,
         -3.5780e-01, -4.1169e-01,  4.4853e-01,  7.5670e-01, -2.0157e-01,
          7.9070e-01, -8.7008e-01, -1.9783e-01, -1.1735e+00, -4.7020e-01,
          4.5308e-01, -4.0528e-02, -6.1613e-01,  4.2848e-01, -4.3194e-01,
          9.5601e-02, -2.7271e-01,  6.0333e-01,  8.3875e-01, -3.0935e-01,
          2.0995e-01,  2.1328e-01,  4.8859e-01, -1.2662e+00, -1.4724e-01,
          1.3083e-01, -4.5078e-01,  1.9491e-01,  4.0502e-01, -3.3806e+00,
         -1.1340e+00, -2.3907e-01,  3.6763e-01,  6.7032e-02, -8.0097e-01,
         -5.6546e-01, -2.0171e-01, -2.0263e-01,  4.8176e-01, -7.7207e-02,
          3.6085e-01,  5.7077e-01,  6.1942e-01,  1.3214e+00,  1.3123e-01,
          1.0434e+00, -3.9262e-01, -8.3493e-01,  2.3127e-01,  1.0499e+00,
         -2.2779e-01, -1.1907e+00,  2.8046e-01,  4.1738e-01, -2.0696e-01,
          1.3780e-01, -6.0743e-01,  5.5142e-01, -5.2485e-01,  5.5970e-01,
          5.2599e-01,  3.4658e-01, -3.6974e-01, -1.9152e-02,  2.8887e-03,
          2.0469e-01, -3.8844e-01, -4.6801e-01,  5.5461e-01,  2.0360e-01,
          1.3528e+00,  2.1087e-01, -2.0949e-01, -6.5800e-01,  4.1413e-01,
          9.1571e-01, -1.5295e-01, -2.1080e-01,  6.5674e-02,  2.2037e-01,
         -7.1815e-02,  3.2311e-01,  5.7716e-01,  2.4034e-01,  5.9404e-01,
         -3.1477e-01, -1.2167e-03,  2.7786e-01,  1.7041e-01,  1.1331e+00,
          6.6352e-01,  3.1124e-01, -1.2111e-01, -1.1475e-01, -2.1662e-01,
         -9.3612e-01,  5.5197e-01,  4.6334e-01,  1.3030e+00,  1.4514e-02,
         -3.4350e-01,  8.7298e-01,  3.5062e-01, -1.4228e-01, -7.6789e-01,
          2.4608e-01,  4.0131e-01,  8.7593e-01,  1.8520e-01, -9.9958e-01,
          1.2244e+00,  7.4151e-01, -4.8363e-01, -9.7362e-02, -4.1014e-01,
         -2.5842e-01, -9.5004e-01, -5.2182e-01, -1.3067e+00,  4.5787e-02,
          3.6673e-01,  3.9230e-01, -6.6557e-01, -3.2423e-01, -5.5790e-01,
          1.4408e+00,  3.6675e-01, -4.2566e-01, -2.3028e-02,  7.9741e-01,
         -1.4649e+00,  4.0437e-01,  3.6323e-01,  1.0235e-01, -1.0828e+00,
          1.0267e+00, -4.0401e-02, -9.3147e-01,  1.4160e+00,  4.8769e-01,
          9.3296e-01, -1.6939e-02, -3.1447e-01, -2.1706e-01, -8.6607e-03,
          2.6934e-01, -4.0312e-01, -2.1643e-01, -7.2445e-01,  1.8223e-01,
          6.6560e-02,  1.1384e-01, -5.0296e-01, -1.0005e-01,  9.2541e-02,
         -5.1189e-01, -9.3149e-01, -6.3852e-01,  5.2997e-01, -3.3129e-01,
          1.4064e+00,  6.7427e-01,  1.0763e-01, -6.0781e-01, -2.0223e-02,
         -1.0645e+00,  3.6267e-01, -2.0768e-02, -5.6485e-01,  2.7353e-02,
          2.6290e-01,  4.5874e-01, -1.3275e-01, -4.5956e-01,  3.3496e-01,
         -1.7740e+00, -1.4794e-01,  1.5815e+00, -5.4728e-01, -7.7024e-02,
         -3.3244e-02,  9.0017e-01, -1.9041e-01, -6.5251e-01, -9.3204e-01,
         -6.1800e-01,  3.4536e-02,  1.1708e+00, -1.7751e-01, -3.1221e-01,
         -2.5666e-01,  1.0012e-02, -1.5360e-01, -2.6235e-01, -4.9862e-01,
          2.1934e-01,  6.2106e-03, -9.7180e-02, -6.7968e-01,  1.5161e-01,
          5.2525e-01,  4.5007e-01, -3.5229e-01,  1.2832e-02,  6.0060e-01,
          5.9300e-01,  4.9309e-01, -6.1492e-01,  5.9446e-01,  4.4106e-01,
          4.6422e-02,  3.0410e-01,  1.6196e-01,  1.1007e+00, -1.9253e-01,
         -2.7502e-01,  3.5853e-01,  7.1849e-01,  1.6901e-03,  5.6857e-01,
          1.1459e+00,  3.2681e-01, -8.1469e-01, -2.6883e-01, -6.1001e-01,
         -4.3042e-02,  2.2409e-01,  3.2123e-01,  3.8429e-01, -8.7719e-01,
          5.9953e-01, -3.7787e-01,  2.0186e-02,  1.1634e-01, -7.4304e-01,
          1.0580e-02, -7.5139e-02, -3.5060e-01,  5.0719e-01,  3.9790e-01,
          1.2110e+00, -4.5550e-02,  7.9350e-02,  9.9891e-02, -3.0049e-01,
         -5.8126e-02, -4.8165e-01, -3.2166e-01,  5.1722e-02,  2.0428e-01,
         -1.8017e-01, -5.6481e-01, -2.0831e-01,  6.1998e-01,  2.3461e-01,
          9.2218e-02, -6.2725e-01, -5.0590e-01, -5.8363e-01,  8.4243e-02,
          4.3391e-01, -1.6327e-01, -6.9047e-01,  2.4144e-01, -2.0216e-02,
         -5.0079e-01, -6.3786e-02,  5.1441e-01,  1.0631e+00, -4.5873e-01,
         -1.0620e-01,  7.0633e-01,  9.1814e-02, -1.4582e-01, -2.6548e-01,
          1.0356e-01, -1.1407e-01, -1.3236e-01, -2.2176e-01,  3.5312e-01,
          7.5023e-02, -4.3639e-01,  3.2235e-01,  1.7324e-01, -7.7898e-03,
         -8.1668e-01, -6.0096e-01, -9.9779e-01,  2.6691e-01,  8.4940e-01,
          5.6114e-01, -6.8246e-01, -1.0722e-01,  8.9523e-01,  3.4767e-01,
          5.5590e-01,  6.4069e-01,  4.1261e-01, -9.4732e-01,  5.9706e-01,
         -1.2595e+00,  6.5847e-01,  1.1680e+00, -4.8866e-01,  1.1971e+00,
         -7.2410e-01, -7.6384e-01,  4.7939e-01, -1.6239e+00, -1.9646e-01,
          4.7536e-01,  1.5619e+00,  1.6054e+00,  4.3642e-01,  1.9605e-01,
         -1.2897e+00,  3.6735e-01, -4.9207e-01,  5.6138e-01,  1.9187e-01,
         -5.7688e-01,  9.6223e-02, -1.8106e+00, -5.9441e-01,  1.0296e+00,
         -1.1009e+00,  7.6273e-01, -2.0672e-01,  2.2027e-01,  1.0062e+00,
         -1.7265e+00,  8.0621e-01, -6.7903e-01, -2.2103e-01, -8.0782e-02,
         -8.9186e-01, -7.7896e-01, -5.0941e-01, -9.2902e-02, -2.7148e-01,
          9.3762e-01, -1.6700e+00,  1.0917e-01,  6.2101e-01, -1.9567e-01,
         -3.5337e-02,  3.5967e-01, -4.2346e-01, -8.1242e-01,  4.4468e-01,
          2.9567e-01,  9.6270e-01,  1.7438e-01, -8.3902e-01, -2.6950e-01,
         -1.6085e-01, -4.3463e-01, -2.4809e-02, -9.2879e-02, -1.6324e-01,
         -5.8470e-01, -6.4161e-01, -1.4642e-01, -1.2308e+00, -3.0712e-01,
          8.5899e-02,  6.2518e-01,  5.3565e-02, -6.8320e-01, -1.5706e-02,
         -2.1917e-01,  1.8594e-01, -7.7506e-01,  1.1110e-02, -1.3300e-01,
          5.2447e-01, -4.1581e-02, -4.9977e-01,  7.2207e-01,  1.2154e-02,
         -2.9262e-01, -1.1452e+00, -1.0161e-01,  1.5721e-01, -6.9829e-02,
         -1.1305e-01,  6.6653e-02, -8.8343e-01,  4.4423e-01,  1.0620e+00,
          3.4324e-01,  4.1458e-01,  9.0936e-01,  5.4518e-01, -9.6532e-02,
          5.4933e-01,  2.3067e-01, -6.8875e-03, -2.3109e-01,  5.3212e-02,
          1.7018e-01, -5.3042e-01,  6.5801e-01,  5.3151e-01,  1.0425e+00,
          2.7368e-01, -4.6986e-01, -3.3586e-03, -7.7861e-01, -1.4499e-01,
         -2.2818e-01,  7.6504e-01,  3.5348e-01,  1.1009e-01, -3.1935e-01,
          6.0399e-01, -9.7693e-02, -5.6451e-01,  9.4233e-02, -1.0933e-01,
         -2.1446e-01, -9.5554e-02, -6.3230e-02, -3.5158e-01, -3.4893e-01,
         -6.6487e-01,  7.2553e-01,  1.1278e-01,  3.0633e-01, -4.2531e-01,
          3.5057e-01,  2.4551e-01, -6.0444e-01, -2.9924e-01,  3.9634e-01,
          5.7813e-01,  4.4861e-01,  7.6005e-01,  5.6436e-02, -5.6939e-01,
          1.0030e+00,  7.3781e-02,  8.8687e-01, -1.1552e-01, -1.2223e-01,
         -3.2330e-01,  7.1753e-01, -4.8733e-01,  7.7029e-01,  2.7787e-03,
         -4.1346e-01,  3.5505e-01,  4.4649e-01,  2.5119e-01,  2.1059e-01,
          3.4240e-01, -3.6181e-01,  4.1023e-01, -5.6322e-02, -2.4553e-02,
          6.0269e-01,  1.2350e+00,  6.1252e-02,  4.5427e-01,  4.3544e-01,
         -2.0851e-01,  8.7751e-01,  4.9140e-01,  1.0377e-01,  3.2485e-01,
          1.3753e-01, -4.8822e-01, -7.2848e-01,  1.9890e+00,  5.6891e-01,
          8.4492e-02,  1.2127e+00, -1.6222e-01,  2.9291e-01,  4.0088e-01,
          9.6936e-01, -2.7404e-01,  1.2800e-01]])","tensor([[ 1.2142e-01,  3.1539e-01, -4.5699e-01, -9.2441e-03,  4.9541e-01,
         -1.4284e-01, -5.1956e-01, -1.6489e+00, -7.6475e-01,  5.7097e-01,
         -5.8444e-02,  7.5886e-01,  8.7591e-01, -2.9095e-01,  2.6017e-02,
         -5.7807e-01, -7.1985e-01, -8.9299e-01, -3.5128e-01,  4.9895e-01,
          2.9703e-01,  7.6953e-01, -7.9797e-02,  1.6468e-01,  9.8583e-02,
         -6.8340e-01, -1.0054e+00, -3.5665e-01,  2.7749e-01, -4.6267e-01,
          1.4148e-01,  4.1021e-01,  3.4298e-01,  6.7613e-01, -7.9114e-01,
         -4.1160e-02, -1.8518e+00,  5.6439e-01,  1.0511e+00,  1.3672e-01,
         -1.2290e-03,  9.1512e-01, -1.1881e+00,  3.4502e-01, -1.7235e-02,
          6.4258e-01, -8.4492e-01,  1.2255e+00,  6.6715e-01, -6.6364e-01,
          3.9012e-02, -2.3809e-01, -1.1496e-01,  3.1657e-01, -6.1761e-01,
         -1.2173e+00, -3.0096e-01, -5.8108e-02, -1.6137e-02,  3.4915e-01,
          8.2257e-01, -2.2118e-02, -3.1148e-01, -4.8648e-02,  4.7365e-01,
          1.1067e-01, -2.0695e-01, -9.3353e-01, -3.6022e-02,  1.2149e-02,
          7.8632e-02, -1.6080e-01, -5.1577e-01, -1.0995e-02, -7.5557e-01,
         -2.0479e+00, -1.4735e+00, -5.4805e-01, -9.1401e-01, -8.2207e-01,
         -2.1249e-01, -2.2638e-02, -6.0993e-01,  1.2438e+00, -3.5929e-01,
          1.2921e-01,  1.5246e-01,  6.0092e-01, -7.7947e-01, -1.2592e+00,
         -3.6274e-02, -7.1807e-02, -3.9067e-01, -7.1581e-01,  4.2345e-01,
          3.3261e-01,  5.2696e-01, -1.2999e+00,  6.2497e-01,  2.3969e-01,
         -1.5423e+01,  1.1173e+00,  1.8206e-01,  4.2092e-01,  1.0552e+00,
          4.1734e-01,  6.0170e-01,  1.1366e+00, -1.4034e-01,  1.8622e-01,
          7.3259e-01,  3.8757e-01,  5.4165e-01, -7.8415e-01, -3.7632e-02,
         -1.8681e-01,  3.0967e-01,  6.2106e-01, -1.2879e-01,  3.7922e-01,
          2.8242e-02, -1.8733e-01, -7.6551e-01,  7.3232e-02,  2.1983e-02,
          6.9167e-02, -2.0690e-02, -7.2487e-01, -4.3881e-01, -1.4707e-01,
         -1.2044e-01, -1.2643e-01, -6.1216e-01,  2.4860e-01,  3.9484e-01,
         -7.6781e-01,  1.3148e+00, -8.3460e-01,  1.5766e-01,  1.3577e-01,
         -4.0164e-01,  3.2442e-01,  3.8110e-02,  2.6149e-02, -1.5323e+00,
         -4.9364e-01,  1.0795e-01, -1.9835e-01,  2.0878e-01, -5.6603e-02,
         -8.0212e-01,  5.5175e-01, -1.3328e-01,  7.4791e-01, -5.7085e-01,
          2.4679e-01, -1.1504e-01,  4.6129e-01, -2.5261e-01,  8.1971e-01,
         -1.1063e+00, -4.9012e-01, -1.2292e-03, -4.0166e-01,  3.1820e-01,
         -3.4254e-01, -2.0455e-01,  4.4024e-01, -6.4918e-01, -2.1460e-01,
         -9.7255e-02,  4.1093e-01, -5.1001e-02, -5.6474e-01, -9.2877e-01,
          1.2184e+00, -1.1267e+00, -1.2390e-01, -2.3623e-01,  6.3248e-01,
         -2.9181e-01,  2.1703e-01,  1.8610e-01,  5.1156e-01,  2.6474e-01,
          5.8546e-01,  1.3818e+00,  7.6009e-01,  6.8862e-01, -1.8226e-01,
          1.3202e-01,  5.8973e-01, -2.1564e-01, -2.0319e-01, -1.4800e-01,
          1.1036e+00,  8.9828e-02,  1.5644e+01, -3.3120e-01, -5.4691e-01,
          8.1134e-02,  6.1528e-01,  3.6952e-01, -1.1152e+00, -5.9377e-01,
          4.2346e-01,  7.2344e-01, -4.6185e-01, -1.0514e+00,  5.4401e-01,
          2.8384e-01,  5.7760e-01,  1.6658e-01, -6.4728e-01, -5.6001e-01,
          2.0620e-01,  2.0368e-02,  2.2831e-01,  2.6965e-01, -9.2925e-01,
          1.8119e+00,  3.0245e-01, -5.2486e-01,  8.3829e-01,  1.9948e-01,
         -2.1113e-01, -8.5272e-02,  1.6909e-01, -5.9179e-01,  1.3455e+00,
          4.8384e-01, -5.0801e-01,  2.5078e-01, -5.6636e-01, -8.3286e-01,
          1.1186e+00, -8.0482e-01, -7.8496e-01,  6.6555e-01,  2.2722e-01,
         -7.7331e-01, -7.4928e-01,  3.2348e-01, -5.8339e-01, -1.0693e+00,
          1.3591e+00, -1.1066e-01, -1.1126e+00, -8.9857e-01,  1.0774e+00,
          1.6024e-01, -1.5830e+00, -1.4583e-01, -2.6403e-01, -6.0898e-01,
         -5.9377e-01,  4.5953e-02, -8.9620e-02, -2.3408e-01,  4.5068e-01,
          3.6636e-01,  5.1317e-01,  3.4072e-01,  4.8724e-01, -1.7086e-01,
         -2.8033e-01, -3.4989e-01, -3.0122e-01,  5.1563e-02, -6.0060e-01,
          2.6405e-01, -1.4899e-01,  8.7982e-02,  4.4309e-01,  1.0935e+00,
          1.0094e-01,  2.7238e-02, -5.5512e-01, -1.8043e-01,  4.9200e-01,
         -2.1382e-01, -2.3631e-01, -5.6565e-01, -6.1984e-01, -1.0147e+00,
         -3.8984e-01, -3.9380e-01,  4.0865e-01,  7.5940e-01, -2.1539e-01,
          7.4186e-01, -8.4603e-01, -2.0402e-01, -1.1491e+00, -4.4107e-01,
          4.4275e-01, -4.2875e-02, -6.2767e-01,  4.8845e-01, -4.6309e-01,
          8.1561e-02, -2.9413e-01,  5.5907e-01,  8.1194e-01, -2.8085e-01,
          1.6839e-01,  1.8696e-01,  4.6575e-01, -1.2226e+00, -1.4069e-01,
          1.1196e-01, -4.5664e-01,  1.8162e-01,  3.8612e-01, -3.3935e+00,
         -1.1226e+00, -2.6654e-01,  3.4639e-01,  6.6220e-02, -7.9429e-01,
         -5.6453e-01, -1.5452e-01, -2.2548e-01,  4.3696e-01, -6.5684e-02,
          4.0189e-01,  5.6800e-01,  6.1598e-01,  1.2702e+00,  1.0471e-01,
          1.0081e+00, -3.2338e-01, -8.1203e-01,  2.4389e-01,  1.0581e+00,
         -2.3612e-01, -1.1959e+00,  3.1022e-01,  4.0370e-01, -1.9405e-01,
          1.4443e-01, -6.0349e-01,  5.2891e-01, -5.1669e-01,  5.4548e-01,
          4.9508e-01,  3.3284e-01, -3.3654e-01,  1.5664e-03,  5.5094e-03,
          1.8336e-01, -3.7876e-01, -4.2509e-01,  5.3567e-01,  2.1691e-01,
          1.3461e+00,  1.8160e-01, -2.1298e-01, -6.2211e-01,  3.7090e-01,
          9.0866e-01, -1.3058e-01, -2.1801e-01,  7.2810e-02,  2.4898e-01,
         -6.5632e-02,  3.2504e-01,  5.6662e-01,  2.2273e-01,  6.4147e-01,
         -2.8536e-01, -4.8606e-02,  2.8877e-01,  1.8433e-01,  1.1542e+00,
          6.3705e-01,  2.6043e-01, -9.4696e-02, -9.3793e-02, -2.6501e-01,
         -9.3362e-01,  5.0958e-01,  4.6995e-01,  1.2741e+00,  2.5931e-02,
         -3.2043e-01,  9.0117e-01,  3.7335e-01, -1.2898e-01, -7.5550e-01,
          2.4952e-01,  3.7916e-01,  8.9965e-01,  1.6747e-01, -9.9991e-01,
          1.2180e+00,  6.9564e-01, -4.6052e-01, -8.3070e-02, -3.9498e-01,
         -2.6517e-01, -9.3203e-01, -5.1031e-01, -1.3022e+00,  2.6679e-02,
          3.7409e-01,  4.0892e-01, -6.4022e-01, -2.7088e-01, -5.5302e-01,
          1.4673e+00,  3.6757e-01, -4.8467e-01, -6.0721e-03,  8.1220e-01,
         -1.4160e+00,  4.3071e-01,  4.0113e-01,  1.2038e-01, -1.0533e+00,
          1.0283e+00,  5.1950e-04, -9.6518e-01,  1.4105e+00,  4.8655e-01,
          9.0988e-01, -1.3999e-02, -3.7008e-01, -2.0699e-01, -9.2933e-03,
          2.7949e-01, -4.0577e-01, -1.9181e-01, -7.1295e-01,  2.1824e-01,
          5.3225e-02,  9.7328e-02, -5.1935e-01, -9.7609e-02,  1.4865e-01,
         -4.5365e-01, -9.4121e-01, -6.3452e-01,  5.4965e-01, -3.5794e-01,
          1.4118e+00,  6.3408e-01,  1.1600e-01, -6.1893e-01, -5.2034e-02,
         -1.0607e+00,  3.4701e-01, -1.3702e-02, -5.2602e-01,  2.1238e-02,
          2.3765e-01,  4.1869e-01, -9.9606e-02, -4.5476e-01,  3.2340e-01,
         -1.7416e+00, -1.2759e-01,  1.5434e+00, -5.0177e-01, -7.4151e-02,
         -1.0084e-02,  8.7826e-01, -1.4599e-01, -6.4631e-01, -9.6494e-01,
         -5.8417e-01,  1.3132e-02,  1.1796e+00, -1.9919e-01, -2.8993e-01,
         -2.3789e-01,  3.3177e-02, -1.3123e-01, -2.2069e-01, -4.4834e-01,
          2.2571e-01,  5.4115e-02, -1.3110e-01, -6.3622e-01,  1.6142e-01,
          4.8444e-01,  4.5081e-01, -3.2247e-01, -6.9118e-03,  5.7262e-01,
          6.1329e-01,  5.4861e-01, -6.1847e-01,  6.0822e-01,  4.7453e-01,
          5.6684e-02,  3.2051e-01,  1.6482e-01,  1.0815e+00, -1.9563e-01,
         -2.7204e-01,  3.1349e-01,  7.0659e-01, -2.4901e-03,  5.7691e-01,
          1.1437e+00,  3.1576e-01, -8.2920e-01, -2.7113e-01, -6.0550e-01,
         -1.5578e-02,  2.5187e-01,  2.8009e-01,  3.5532e-01, -9.0726e-01,
          6.0564e-01, -3.2965e-01,  5.2877e-02,  1.3714e-01, -6.9721e-01,
          6.2051e-02, -1.1982e-01, -3.2468e-01,  4.9207e-01,  4.1573e-01,
          1.2239e+00, -1.3755e-02,  1.0846e-01,  8.8585e-02, -2.9719e-01,
         -8.2333e-02, -4.9187e-01, -3.4290e-01,  8.7698e-02,  2.2886e-01,
         -2.0214e-01, -5.1998e-01, -2.0270e-01,  5.7621e-01,  1.9921e-01,
          1.0324e-01, -6.1835e-01, -5.2153e-01, -5.6194e-01,  1.0510e-01,
          4.4568e-01, -1.1343e-01, -6.7855e-01,  2.3326e-01, -2.5004e-02,
         -4.6865e-01, -6.2362e-02,  5.1202e-01,  1.0655e+00, -4.3807e-01,
         -4.8350e-02,  6.5413e-01,  8.8545e-02, -1.1278e-01, -2.6600e-01,
          1.0751e-01, -1.0436e-01, -1.5182e-01, -1.7522e-01,  4.0164e-01,
          6.1779e-02, -4.2734e-01,  2.7138e-01,  2.2351e-01,  5.6625e-03,
         -7.9892e-01, -5.6235e-01, -1.0093e+00,  2.2871e-01,  8.3834e-01,
          5.5591e-01, -6.0454e-01, -1.0167e-01,  8.4449e-01,  2.9709e-01,
          5.6722e-01,  6.6067e-01,  3.9340e-01, -9.4392e-01,  5.5549e-01,
         -1.2186e+00,  5.8375e-01,  1.1648e+00, -4.6542e-01,  1.1479e+00,
         -7.1114e-01, -7.9206e-01,  4.7240e-01, -1.6253e+00, -1.7769e-01,
          4.8735e-01,  1.5826e+00,  1.5595e+00,  4.3374e-01,  1.8117e-01,
         -1.3255e+00,  4.3552e-01, -4.9975e-01,  5.2068e-01,  2.0995e-01,
         -5.8461e-01,  5.0775e-02, -1.7676e+00, -5.8945e-01,  1.0663e+00,
         -1.0887e+00,  7.6906e-01, -1.8473e-01,  2.1107e-01,  9.6030e-01,
         -1.6533e+00,  7.7439e-01, -6.8305e-01, -2.2850e-01, -4.7712e-02,
         -8.5961e-01, -7.6985e-01, -4.9847e-01, -7.7981e-02, -2.2030e-01,
          8.8236e-01, -1.6052e+00,  1.1140e-01,  6.5776e-01, -2.1273e-01,
         -5.7747e-02,  3.2169e-01, -4.6102e-01, -8.3788e-01,  4.2622e-01,
          2.6063e-01,  9.3586e-01,  1.9473e-01, -8.4839e-01, -2.4974e-01,
         -1.6656e-01, -4.6790e-01, -2.3809e-03, -1.1566e-01, -1.6765e-01,
         -5.4856e-01, -6.3689e-01, -1.6351e-01, -1.2104e+00, -3.3695e-01,
          6.4748e-02,  6.2247e-01,  4.3558e-02, -6.9000e-01, -2.8008e-03,
         -1.7809e-01,  1.3713e-01, -7.9712e-01,  3.5364e-02, -1.5805e-01,
          5.2379e-01, -8.2446e-02, -4.9132e-01,  7.5484e-01, -3.9218e-02,
         -3.1581e-01, -1.1295e+00, -1.1671e-01,  1.5385e-01, -9.9770e-02,
         -1.1090e-01,  2.7729e-02, -8.2168e-01,  4.5485e-01,  1.0898e+00,
          3.0501e-01,  3.9734e-01,  8.8390e-01,  4.9950e-01, -1.1635e-01,
          5.1553e-01,  2.3610e-01, -2.3837e-03, -2.2293e-01,  5.5004e-02,
          1.3874e-01, -5.5424e-01,  6.1266e-01,  4.9021e-01,  1.0216e+00,
          2.3733e-01, -4.8500e-01,  4.5623e-02, -7.8733e-01, -1.6371e-01,
         -2.1422e-01,  7.3564e-01,  3.7540e-01,  1.2747e-01, -3.2656e-01,
          6.2322e-01, -9.9061e-02, -5.4880e-01,  8.8805e-02, -1.0003e-01,
         -1.7834e-01, -7.6468e-02, -1.1493e-01, -3.5593e-01, -3.3751e-01,
         -6.4189e-01,  7.3618e-01,  8.8450e-02,  3.3820e-01, -3.9418e-01,
          3.3203e-01,  2.3541e-01, -6.3012e-01, -3.0555e-01,  3.6519e-01,
          5.5881e-01,  4.5018e-01,  7.2969e-01,  4.9773e-02, -5.7208e-01,
          1.0138e+00,  8.3520e-02,  8.4675e-01, -1.0224e-01, -8.5837e-02,
         -3.5463e-01,  7.2186e-01, -4.7505e-01,  7.3258e-01,  4.7593e-02,
         -4.6931e-01,  3.0475e-01,  4.6111e-01,  2.3829e-01,  2.0862e-01,
          3.4069e-01, -3.3774e-01,  3.9633e-01, -9.4166e-02, -1.4423e-03,
          5.5391e-01,  1.1945e+00,  9.8244e-02,  4.5492e-01,  3.9708e-01,
         -2.4014e-01,  8.8042e-01,  5.0047e-01,  9.8695e-02,  3.3556e-01,
          1.4679e-01, -5.3027e-01, -6.9755e-01,  1.9812e+00,  6.0914e-01,
          7.6438e-02,  1.1458e+00, -1.8286e-01,  2.7703e-01,  3.8481e-01,
          9.9280e-01, -2.4543e-01,  1.3613e-01]])","tensor([[ 1.2142e-01,  3.1539e-01, -4.5699e-01, -9.2441e-03,  4.9541e-01,
         -1.4284e-01, -5.1956e-01, -1.6489e+00, -7.6475e-01,  5.7097e-01,
         -5.8444e-02,  7.5886e-01,  8.7591e-01, -2.9095e-01,  2.6017e-02,
         -5.7807e-01, -7.1985e-01, -8.9299e-01, -3.5128e-01,  4.9895e-01,
          2.9703e-01,  7.6953e-01, -7.9797e-02,  1.6468e-01,  9.8583e-02,
         -6.8340e-01, -1.0054e+00, -3.5665e-01,  2.7749e-01, -4.6267e-01,
          1.4148e-01,  4.1021e-01,  3.4298e-01,  6.7613e-01, -7.9114e-01,
         -4.1160e-02, -1.8518e+00,  5.6439e-01,  1.0511e+00,  1.3672e-01,
         -1.2290e-03,  9.1512e-01, -1.1881e+00,  3.4502e-01, -1.7235e-02,
          6.4258e-01, -8.4492e-01,  1.2255e+00,  6.6715e-01, -6.6364e-01,
          3.9012e-02, -2.3809e-01, -1.1496e-01,  3.1657e-01, -6.1761e-01,
         -1.2173e+00, -3.0096e-01, -5.8108e-02, -1.6137e-02,  3.4915e-01,
          8.2257e-01, -2.2118e-02, -3.1148e-01, -4.8648e-02,  4.7365e-01,
          1.1067e-01, -2.0695e-01, -9.3353e-01, -3.6022e-02,  1.2149e-02,
          7.8632e-02, -1.6080e-01, -5.1577e-01, -1.0995e-02, -7.5557e-01,
         -2.0479e+00, -1.4735e+00, -5.4805e-01, -9.1401e-01, -8.2207e-01,
         -2.1249e-01, -2.2638e-02, -6.0993e-01,  1.2438e+00, -3.5929e-01,
          1.2921e-01,  1.5246e-01,  6.0092e-01, -7.7947e-01, -1.2592e+00,
         -3.6274e-02, -7.1807e-02, -3.9067e-01, -7.1581e-01,  4.2345e-01,
          3.3261e-01,  5.2696e-01, -1.2999e+00,  6.2497e-01,  2.3969e-01,
         -1.5423e+01,  1.1173e+00,  1.8206e-01,  4.2092e-01,  1.0552e+00,
          4.1734e-01,  6.0170e-01,  1.1366e+00, -1.4034e-01,  1.8622e-01,
          7.3259e-01,  3.8757e-01,  5.4165e-01, -7.8415e-01, -3.7632e-02,
         -1.8681e-01,  3.0967e-01,  6.2106e-01, -1.2879e-01,  3.7922e-01,
          2.8242e-02, -1.8733e-01, -7.6551e-01,  7.3232e-02,  2.1983e-02,
          6.9167e-02, -2.0690e-02, -7.2487e-01, -4.3881e-01, -1.4707e-01,
         -1.2044e-01, -1.2643e-01, -6.1216e-01,  2.4860e-01,  3.9484e-01,
         -7.6781e-01,  1.3148e+00, -8.3460e-01,  1.5766e-01,  1.3577e-01,
         -4.0164e-01,  3.2442e-01,  3.8110e-02,  2.6149e-02, -1.5323e+00,
         -4.9364e-01,  1.0795e-01, -1.9835e-01,  2.0878e-01, -5.6603e-02,
         -8.0212e-01,  5.5175e-01, -1.3328e-01,  7.4791e-01, -5.7085e-01,
          2.4679e-01, -1.1504e-01,  4.6129e-01, -2.5261e-01,  8.1971e-01,
         -1.1063e+00, -4.9012e-01, -1.2292e-03, -4.0166e-01,  3.1820e-01,
         -3.4254e-01, -2.0455e-01,  4.4024e-01, -6.4918e-01, -2.1460e-01,
         -9.7255e-02,  4.1093e-01, -5.1001e-02, -5.6474e-01, -9.2877e-01,
          1.2184e+00, -1.1267e+00, -1.2390e-01, -2.3623e-01,  6.3248e-01,
         -2.9181e-01,  2.1703e-01,  1.8610e-01,  5.1156e-01,  2.6474e-01,
          5.8546e-01,  1.3818e+00,  7.6009e-01,  6.8862e-01, -1.8226e-01,
          1.3202e-01,  5.8973e-01, -2.1564e-01, -2.0319e-01, -1.4800e-01,
          1.1036e+00,  8.9828e-02,  1.5644e+01, -3.3120e-01, -5.4691e-01,
          8.1134e-02,  6.1528e-01,  3.6952e-01, -1.1152e+00, -5.9377e-01,
          4.2346e-01,  7.2344e-01, -4.6185e-01, -1.0514e+00,  5.4401e-01,
          2.8384e-01,  5.7760e-01,  1.6658e-01, -6.4728e-01, -5.6001e-01,
          2.0620e-01,  2.0368e-02,  2.2831e-01,  2.6965e-01, -9.2925e-01,
          1.8119e+00,  3.0245e-01, -5.2486e-01,  8.3829e-01,  1.9948e-01,
         -2.1113e-01, -8.5272e-02,  1.6909e-01, -5.9179e-01,  1.3455e+00,
          4.8384e-01, -5.0801e-01,  2.5078e-01, -5.6636e-01, -8.3286e-01,
          1.1186e+00, -8.0482e-01, -7.8496e-01,  6.6555e-01,  2.2722e-01,
         -7.7331e-01, -7.4928e-01,  3.2348e-01, -5.8339e-01, -1.0693e+00,
          1.3591e+00, -1.1066e-01, -1.1126e+00, -8.9857e-01,  1.0774e+00,
          1.6024e-01, -1.5830e+00, -1.4583e-01, -2.6403e-01, -6.0898e-01,
         -5.9377e-01,  4.5953e-02, -8.9620e-02, -2.3408e-01,  4.5068e-01,
          3.6636e-01,  5.1317e-01,  3.4072e-01,  4.8724e-01, -1.7086e-01,
         -2.8033e-01, -3.4989e-01, -3.0122e-01,  5.1563e-02, -6.0060e-01,
          2.6405e-01, -1.4899e-01,  8.7982e-02,  4.4309e-01,  1.0935e+00,
          1.0094e-01,  2.7238e-02, -5.5512e-01, -1.8043e-01,  4.9200e-01,
         -2.1382e-01, -2.3631e-01, -5.6565e-01, -6.1984e-01, -1.0147e+00,
         -3.8984e-01, -3.9380e-01,  4.0865e-01,  7.5940e-01, -2.1539e-01,
          7.4186e-01, -8.4603e-01, -2.0402e-01, -1.1491e+00, -4.4107e-01,
          4.4275e-01, -4.2875e-02, -6.2767e-01,  4.8845e-01, -4.6309e-01,
          8.1561e-02, -2.9413e-01,  5.5907e-01,  8.1194e-01, -2.8085e-01,
          1.6839e-01,  1.8696e-01,  4.6575e-01, -1.2226e+00, -1.4069e-01,
          1.1196e-01, -4.5664e-01,  1.8162e-01,  3.8612e-01, -3.3935e+00,
         -1.1226e+00, -2.6654e-01,  3.4639e-01,  6.6220e-02, -7.9429e-01,
         -5.6453e-01, -1.5452e-01, -2.2548e-01,  4.3696e-01, -6.5684e-02,
          4.0189e-01,  5.6800e-01,  6.1598e-01,  1.2702e+00,  1.0471e-01,
          1.0081e+00, -3.2338e-01, -8.1203e-01,  2.4389e-01,  1.0581e+00,
         -2.3612e-01, -1.1959e+00,  3.1022e-01,  4.0370e-01, -1.9405e-01,
          1.4443e-01, -6.0349e-01,  5.2891e-01, -5.1669e-01,  5.4548e-01,
          4.9508e-01,  3.3284e-01, -3.3654e-01,  1.5664e-03,  5.5094e-03,
          1.8336e-01, -3.7876e-01, -4.2509e-01,  5.3567e-01,  2.1691e-01,
          1.3461e+00,  1.8160e-01, -2.1298e-01, -6.2211e-01,  3.7090e-01,
          9.0866e-01, -1.3058e-01, -2.1801e-01,  7.2810e-02,  2.4898e-01,
         -6.5632e-02,  3.2504e-01,  5.6662e-01,  2.2273e-01,  6.4147e-01,
         -2.8536e-01, -4.8606e-02,  2.8877e-01,  1.8433e-01,  1.1542e+00,
          6.3705e-01,  2.6043e-01, -9.4696e-02, -9.3793e-02, -2.6501e-01,
         -9.3362e-01,  5.0958e-01,  4.6995e-01,  1.2741e+00,  2.5931e-02,
         -3.2043e-01,  9.0117e-01,  3.7335e-01, -1.2898e-01, -7.5550e-01,
          2.4952e-01,  3.7916e-01,  8.9965e-01,  1.6747e-01, -9.9991e-01,
          1.2180e+00,  6.9564e-01, -4.6052e-01, -8.3070e-02, -3.9498e-01,
         -2.6517e-01, -9.3203e-01, -5.1031e-01, -1.3022e+00,  2.6679e-02,
          3.7409e-01,  4.0892e-01, -6.4022e-01, -2.7088e-01, -5.5302e-01,
          1.4673e+00,  3.6757e-01, -4.8467e-01, -6.0721e-03,  8.1220e-01,
         -1.4160e+00,  4.3071e-01,  4.0113e-01,  1.2038e-01, -1.0533e+00,
          1.0283e+00,  5.1950e-04, -9.6518e-01,  1.4105e+00,  4.8655e-01,
          9.0988e-01, -1.3999e-02, -3.7008e-01, -2.0699e-01, -9.2933e-03,
          2.7949e-01, -4.0577e-01, -1.9181e-01, -7.1295e-01,  2.1824e-01,
          5.3225e-02,  9.7328e-02, -5.1935e-01, -9.7609e-02,  1.4865e-01,
         -4.5365e-01, -9.4121e-01, -6.3452e-01,  5.4965e-01, -3.5794e-01,
          1.4118e+00,  6.3408e-01,  1.1600e-01, -6.1893e-01, -5.2034e-02,
         -1.0607e+00,  3.4701e-01, -1.3702e-02, -5.2602e-01,  2.1238e-02,
          2.3765e-01,  4.1869e-01, -9.9606e-02, -4.5476e-01,  3.2340e-01,
         -1.7416e+00, -1.2759e-01,  1.5434e+00, -5.0177e-01, -7.4151e-02,
         -1.0084e-02,  8.7826e-01, -1.4599e-01, -6.4631e-01, -9.6494e-01,
         -5.8417e-01,  1.3132e-02,  1.1796e+00, -1.9919e-01, -2.8993e-01,
         -2.3789e-01,  3.3177e-02, -1.3123e-01, -2.2069e-01, -4.4834e-01,
          2.2571e-01,  5.4115e-02, -1.3110e-01, -6.3622e-01,  1.6142e-01,
          4.8444e-01,  4.5081e-01, -3.2247e-01, -6.9118e-03,  5.7262e-01,
          6.1329e-01,  5.4861e-01, -6.1847e-01,  6.0822e-01,  4.7453e-01,
          5.6684e-02,  3.2051e-01,  1.6482e-01,  1.0815e+00, -1.9563e-01,
         -2.7204e-01,  3.1349e-01,  7.0659e-01, -2.4901e-03,  5.7691e-01,
          1.1437e+00,  3.1576e-01, -8.2920e-01, -2.7113e-01, -6.0550e-01,
         -1.5578e-02,  2.5187e-01,  2.8009e-01,  3.5532e-01, -9.0726e-01,
          6.0564e-01, -3.2965e-01,  5.2877e-02,  1.3714e-01, -6.9721e-01,
          6.2051e-02, -1.1982e-01, -3.2468e-01,  4.9207e-01,  4.1573e-01,
          1.2239e+00, -1.3755e-02,  1.0846e-01,  8.8585e-02, -2.9719e-01,
         -8.2333e-02, -4.9187e-01, -3.4290e-01,  8.7698e-02,  2.2886e-01,
         -2.0214e-01, -5.1998e-01, -2.0270e-01,  5.7621e-01,  1.9921e-01,
          1.0324e-01, -6.1835e-01, -5.2153e-01, -5.6194e-01,  1.0510e-01,
          4.4568e-01, -1.1343e-01, -6.7855e-01,  2.3326e-01, -2.5004e-02,
         -4.6865e-01, -6.2362e-02,  5.1202e-01,  1.0655e+00, -4.3807e-01,
         -4.8350e-02,  6.5413e-01,  8.8545e-02, -1.1278e-01, -2.6600e-01,
          1.0751e-01, -1.0436e-01, -1.5182e-01, -1.7522e-01,  4.0164e-01,
          6.1779e-02, -4.2734e-01,  2.7138e-01,  2.2351e-01,  5.6625e-03,
         -7.9892e-01, -5.6235e-01, -1.0093e+00,  2.2871e-01,  8.3834e-01,
          5.5591e-01, -6.0454e-01, -1.0167e-01,  8.4449e-01,  2.9709e-01,
          5.6722e-01,  6.6067e-01,  3.9340e-01, -9.4392e-01,  5.5549e-01,
         -1.2186e+00,  5.8375e-01,  1.1648e+00, -4.6542e-01,  1.1479e+00,
         -7.1114e-01, -7.9206e-01,  4.7240e-01, -1.6253e+00, -1.7769e-01,
          4.8735e-01,  1.5826e+00,  1.5595e+00,  4.3374e-01,  1.8117e-01,
         -1.3255e+00,  4.3552e-01, -4.9975e-01,  5.2068e-01,  2.0995e-01,
         -5.8461e-01,  5.0775e-02, -1.7676e+00, -5.8945e-01,  1.0663e+00,
         -1.0887e+00,  7.6906e-01, -1.8473e-01,  2.1107e-01,  9.6030e-01,
         -1.6533e+00,  7.7439e-01, -6.8305e-01, -2.2850e-01, -4.7712e-02,
         -8.5961e-01, -7.6985e-01, -4.9847e-01, -7.7981e-02, -2.2030e-01,
          8.8236e-01, -1.6052e+00,  1.1140e-01,  6.5776e-01, -2.1273e-01,
         -5.7747e-02,  3.2169e-01, -4.6102e-01, -8.3788e-01,  4.2622e-01,
          2.6063e-01,  9.3586e-01,  1.9473e-01, -8.4839e-01, -2.4974e-01,
         -1.6656e-01, -4.6790e-01, -2.3809e-03, -1.1566e-01, -1.6765e-01,
         -5.4856e-01, -6.3689e-01, -1.6351e-01, -1.2104e+00, -3.3695e-01,
          6.4748e-02,  6.2247e-01,  4.3558e-02, -6.9000e-01, -2.8008e-03,
         -1.7809e-01,  1.3713e-01, -7.9712e-01,  3.5364e-02, -1.5805e-01,
          5.2379e-01, -8.2446e-02, -4.9132e-01,  7.5484e-01, -3.9218e-02,
         -3.1581e-01, -1.1295e+00, -1.1671e-01,  1.5385e-01, -9.9770e-02,
         -1.1090e-01,  2.7729e-02, -8.2168e-01,  4.5485e-01,  1.0898e+00,
          3.0501e-01,  3.9734e-01,  8.8390e-01,  4.9950e-01, -1.1635e-01,
          5.1553e-01,  2.3610e-01, -2.3837e-03, -2.2293e-01,  5.5004e-02,
          1.3874e-01, -5.5424e-01,  6.1266e-01,  4.9021e-01,  1.0216e+00,
          2.3733e-01, -4.8500e-01,  4.5623e-02, -7.8733e-01, -1.6371e-01,
         -2.1422e-01,  7.3564e-01,  3.7540e-01,  1.2747e-01, -3.2656e-01,
          6.2322e-01, -9.9061e-02, -5.4880e-01,  8.8805e-02, -1.0003e-01,
         -1.7834e-01, -7.6468e-02, -1.1493e-01, -3.5593e-01, -3.3751e-01,
         -6.4189e-01,  7.3618e-01,  8.8450e-02,  3.3820e-01, -3.9418e-01,
          3.3203e-01,  2.3541e-01, -6.3012e-01, -3.0555e-01,  3.6519e-01,
          5.5881e-01,  4.5018e-01,  7.2969e-01,  4.9773e-02, -5.7208e-01,
          1.0138e+00,  8.3520e-02,  8.4675e-01, -1.0224e-01, -8.5837e-02,
         -3.5463e-01,  7.2186e-01, -4.7505e-01,  7.3258e-01,  4.7593e-02,
         -4.6931e-01,  3.0475e-01,  4.6111e-01,  2.3829e-01,  2.0862e-01,
          3.4069e-01, -3.3774e-01,  3.9633e-01, -9.4166e-02, -1.4423e-03,
          5.5391e-01,  1.1945e+00,  9.8244e-02,  4.5492e-01,  3.9708e-01,
         -2.4014e-01,  8.8042e-01,  5.0047e-01,  9.8695e-02,  3.3556e-01,
          1.4679e-01, -5.3027e-01, -6.9755e-01,  1.9812e+00,  6.0914e-01,
          7.6438e-02,  1.1458e+00, -1.8286e-01,  2.7703e-01,  3.8481e-01,
          9.9280e-01, -2.4543e-01,  1.3613e-01]])",TCGA-25-2398-01Z-00-DX1.3F0E9A15-DBC8-43A0-8C94-20B02757CD10.svs
